S,fluidColumn,An,Rem,Dfn,colIndex,cdrag
1.28,15,1.3778915147323654,2403.193723032658,1.022711072656174,2,1.903015623825712
1.2,8,1.427996660722633,2100.6449293829874,0.9840350932836978,4,1.9068310773734842
0.6,8,1.9634954084936205,2824.631585141112,1.0228215767634854,0,0.8507709838074543
0.47100000000000003,15,2.1356850126375204,1714.610413562034,1.0224111502005246,5,1.8582678443135778
0.6,15,1.9634954084936205,916.9873331619171,1.0211804980196648,12,1.684051924244189
0.324,8,2.3728041190255236,1834.9569115937502,1.0191456357422453,5,1.3896634779196597
0.6,11,1.9634954084936205,2137.708328770429,1.0198244907980614,5,1.6864816395450237
1.133,15,1.4728516894466914,2503.181588596273,1.0228215767634854,1,1.7846831216344818
0.6,11,1.9634954084936207,1558.4787777779109,1.0220055254484366,10,1.4548324745557493
1.3530000000000002,8,1.335143499188182,2019.353206785684,1.0169362391531305,7,1.7267708028178579
0.6,15,1.9634954084936205,2273.7123917965455,1.0228215767634854,1,1.7847832214841404
1.2,15,1.427996660722633,2131.62153980616,0.9927925832012315,12,1.9201680638128344
0.6,15,1.9634954084936205,2034.9729923363934,1.0225322890640778,4,1.7568922821753017
1.2,15,1.427996660722633,6132.839733942601,0.9942824693005053,14,1.7666138599082326
1.2,11,1.427996660722633,2220.6192578038895,1.0198324637367344,4,1.8818863176510225
1.2,15,1.427996660722633,3335.009870866767,1.0191108061101324,7,1.8530540453426865
0.863,15,1.6863084560331687,5939.39905185944,0.9926324373477564,14,1.46177652449955
1.035,8,1.543780173754198,2354.513933849663,0.9932603266888402,4,1.8188094602892868
1.5,11,1.2566370614359172,2065.1758573014586,0.9908343439699105,7,1.996057311737964
0.6,15,1.9634954084936207,3010.212782721145,1.0228215767634854,1,1.6630342978534487
1.2,11,1.427996660722633,6084.785889045654,0.9944116342976811,6,1.6818387785678688
1.2,11,1.427996660722633,2787.6800867484753,1.0197432038055094,5,1.9317308345234838
1.2,15,1.427996660722633,6304.248867311874,0.9953151103891037,8,1.7147057048659284
1.2,11,1.427996660722633,1897.577296569294,1.0061035169234034,9,1.9564445138050328
0.373,11,2.288122835826506,2872.211141806775,0.995954356846473,0,-0.09302102675178524
1.2,11,1.427996660722633,2368.3020070166303,0.9934318502650183,3,2.055591454516671
0.6,11,1.9634954084936205,2493.314909506029,1.0225689794421473,4,1.8454192331497996
0.6,15,1.9634954084936205,1751.5609675415928,1.019976215804813,4,1.751930689309044
1.476,15,1.2688177114659906,2011.0583627203373,1.0170133745136554,7,1.9308422551943523
1.2,15,1.427996660722633,2225.007251291517,0.9907250922270173,7,1.9337594330185992
1.3530000000000002,15,1.335143499188182,2315.900222183917,1.020859451957154,3,1.9920321307768414
0.6,15,1.9634954084936207,1638.7032537733933,1.0144255076713538,12,1.9495688419574972
1.2,4,1.427996660722633,2610.145148100523,1.0344420281805973,2,1.850100751192838
1.2,15,1.427996660722633,2166.338858072398,1.0134405311024437,11,1.8633023220591414
1.2,4,1.427996660722633,2551.932968666615,1.0228215767634854,1,1.9031668866243865
1.2,15,1.427996660722633,2231.0374035894047,1.019782999822615,4,1.909719215544213
1.2,15,1.427996660722633,6089.400566244912,0.9906504871524595,11,1.757463377298763
1.2,15,1.427996660722633,5860.944512081597,0.992319845332855,13,1.6668951371804215
1.2,4,1.427996660722633,2495.1290503436326,1.0227505102042334,3,1.8411384736575884
0.6,15,1.9634954084936207,3108.2840101095194,1.0228215767634854,1,1.73499391714189
1.2,11,1.427996660722633,2418.4230899527447,0.995954356846473,1,1.9266052561575429
0.6,8,1.9634954084936205,2033.453043512943,1.0223026566432132,7,1.1299767520875246
1.2,15,1.427996660722633,6967.502731658396,1.0197903416241065,11,1.687908118571171
0.863,15,1.6863084560331687,2830.855238669862,1.0228215767634854,0,1.0092662398159369
1.2,11,1.427996660722633,2535.9730079650753,1.0228215767634854,1,1.878733714809034
0.618,15,1.941651825457227,1971.7637723084194,1.0168890538683468,9,1.664293498931146
1.2,15,1.427996660722633,6140.149622041816,1.0228215767634854,0,0.9740465527080826
0.6,8,1.9634954084936205,2870.465141580376,1.0320451452282158,0,0.8507709838074543
1.2,15,1.427996660722633,1987.5124962808009,1.0198893529325528,11,1.8060528645301661
1.084,15,1.5074820794576744,2162.2366220094877,1.0100832044459072,14,1.8119016012463258
0.47100000000000003,11,2.1356850126375204,1973.572482535902,0.9930684769187607,5,1.6178654618378023
0.569,4,2.002289772842443,8492.937331004014,0.995954356846473,0,0.7269928607008564
0.6,8,1.9634954084936207,2884.4435797177757,1.0228215767634854,0,0.83146915124438
0.39799999999999996,15,2.247205045486261,5343.542870111386,0.9943279826853522,6,1.340418422611089
1.2,15,1.427996660722633,2238.3592658471193,1.0225959547115129,4,1.9044659637793921
1.2,15,1.427996660722633,2043.077441937973,1.0160732393985867,7,1.8888940971008212
1.2,11,1.427996660722633,50.34651300911342,0.9513245431163679,2,3.704966205653866
0.6,4,1.9634954084936205,2310.6914821409964,1.0227923070762626,3,1.6755552046089992
1.2,11,1.427996660722633,2379.4529186298414,1.0173495246592008,7,1.8792460595192364
1.2,8,1.427996660722633,2539.943714151817,1.020864398340249,1,1.786968364830458
0.6,8,1.9634954084936205,1595.6877649562598,1.0004644289039497,7,1.5606341542272555
0.6,8,1.9634954084936205,6325.870204278355,1.021127601598133,7,1.4127630071202206
1.2,8,1.4279966607226329,2327.9796523058517,1.0170354640948178,7,1.8067798703006082
0.937,4,1.6218857272017517,2665.2031187833054,1.0218868277433741,2,1.945640795497014
1.2,8,1.427996660722633,2433.7876485685833,1.0228215767634854,0,0.9554310415807942
0.569,4,2.002289772842443,2786.1930093280926,1.0227190002050794,2,1.7814853008794154
1.2,15,1.427996660722633,2686.1074989461968,0.9891860705634364,11,1.8838958529308794
0.349,11,2.3288307291251247,1449.4207840998336,0.9894709719746386,9,1.45182751812509
1.2,11,1.427996660722633,6606.616068219636,0.9953449642045238,4,1.747061994878755
1.2,15,1.427996660722633,2301.57609850311,1.0195516543849847,7,1.7957014829891615
0.6,15,1.9634954084936205,2711.9717578053915,1.0228215767634854,0,0.9143059501176682
1.2,11,1.427996660722633,2219.0820877388287,1.0130251525189693,10,1.724430678102028
0.6,11,1.9634954084936205,1882.4077571209586,1.0214723629130764,5,1.7585259003463098
0.6,11,1.9634954084936207,1897.4928179841484,1.0222945685374407,7,1.8425974839198538
1.2,8,1.427996660722633,6776.802079446733,0.9953419297984059,3,1.6737452497627676
1.2,11,1.427996660722633,3940.6104319448737,1.0179272711671907,10,1.7470898041218395
1.2,11,1.427996660722633,2123.6735307640247,0.9906832480130259,8,1.8652097889567407
0.6,8,1.9634954084936205,2826.7451718233992,1.0228215767634854,0,0.8525221401036026
0.6,15,1.9634954084936205,5167.823946081748,1.0217143569750708,4,1.6682398999534889
1.206,15,1.4241127169491357,2285.6591829862987,1.017991523694966,6,1.8898960859401295
1.2,8,1.427996660722633,6685.73438844013,0.9941763331714942,7,1.7423308307266452
0.6,15,1.9634954084936205,2787.028372817338,1.02412272839155,2,1.6536056699428738
1.2,11,1.427996660722633,2121.573545620095,1.028217449168313,6,1.8513844763685074
0.6,4,1.9634954084936205,1774.4701066845294,1.022578328200598,3,1.7141764453706771
1.2,4,1.427996660722633,2348.2733644169766,1.0226711829769546,3,1.7931942701436867
0.667,15,1.8845786764185921,1926.242366080666,1.0133272656009842,14,1.5789480086509946
0.42200000000000004,15,2.2092775341700372,1926.186159287228,1.0186713508429528,6,1.4195829443972787
0.6,11,1.9634954084936205,1545.0414660383583,1.0206111643778788,10,1.4526533834094086
1.2,15,1.4279966607226329,2129.149553169763,0.9923443470113272,5,1.874573256544114
0.6,8,1.9634954084936205,1648.0076557044977,1.0190473090520107,7,1.5266774154716898
0.6,15,1.9634954084936207,1979.2236088235302,1.0139939838029646,13,1.787754628517202
0.6,8,1.9634954084936205,2801.373399004844,1.0228215767634854,1,1.7758560709787359
0.6,8,1.9634954084936205,7826.896761794438,1.0228215767634854,1,1.5766243969099498
1.2,8,1.4279966607226333,2320.033945151526,1.0189335460319797,5,1.9532299999381812
1.2,15,1.427996660722633,2297.6961455672767,0.9871067435234464,4,1.8967463041608383
0.42200000000000004,15,2.209277534170037,2240.5447821244397,1.0210618459443392,3,1.6270619677809524
0.6,15,1.9634954084936205,2790.217760636057,1.0228215767634854,0,0.8793927536377995
0.6,4,1.9634954084936205,2717.6585596463287,1.0226444476058,3,1.6914270838930503
1.2,15,1.427996660722633,2147.0644204918676,1.003854319435248,13,1.8523736926751315
0.8390000000000001,15,1.7083157442032588,2704.546554558179,1.02199822003362,2,1.9227566786722086
