S,fluidColumn,An,Rem,Dfn,colIndex,cdrag
1.28,15,1.3778915147323654,2403.193723032658,1.022711072656174,2,1.903015623825712
1.2,8,1.427996660722633,2100.6449293829874,0.9840350932836978,4,1.9068310773734842
0.6,8,1.9634954084936205,2824.631585141112,1.0228215767634854,0,0.8507709838074543
0.47100000000000003,15,2.1356850126375204,1714.610413562034,1.0224111502005246,5,1.8582678443135778
0.6,15,1.9634954084936205,916.9873331619171,1.0211804980196648,12,1.684051924244189
0.324,8,2.3728041190255236,1834.9569115937502,1.0191456357422453,5,1.3896634779196597
0.6,11,1.9634954084936205,2137.708328770429,1.0198244907980614,5,1.6864816395450237
1.133,15,1.4728516894466914,2503.181588596273,1.0228215767634854,1,1.7846831216344818
0.6,11,1.9634954084936207,1558.4787777779109,1.0220055254484366,10,1.4548324745557493
1.3530000000000002,8,1.335143499188182,2019.353206785684,1.0169362391531305,7,1.7267708028178579
0.6,15,1.9634954084936205,2273.7123917965455,1.0228215767634854,1,1.7847832214841404
1.2,15,1.427996660722633,2131.62153980616,0.9927925832012315,12,1.9201680638128344
0.6,15,1.9634954084936205,2034.9729923363934,1.0225322890640778,4,1.7568922821753017
1.2,15,1.427996660722633,6132.839733942601,0.9942824693005053,14,1.7666138599082326
1.2,11,1.427996660722633,2220.6192578038895,1.0198324637367344,4,1.8818863176510225
1.2,15,1.427996660722633,3335.009870866767,1.0191108061101324,7,1.8530540453426865
0.863,15,1.6863084560331687,5939.39905185944,0.9926324373477564,14,1.46177652449955
1.035,8,1.543780173754198,2354.513933849663,0.9932603266888402,4,1.8188094602892868
1.5,11,1.2566370614359172,2065.1758573014586,0.9908343439699105,7,1.996057311737964
0.6,15,1.9634954084936207,3010.212782721145,1.0228215767634854,1,1.6630342978534487
1.2,11,1.427996660722633,6084.785889045654,0.9944116342976811,6,1.6818387785678688
1.2,11,1.427996660722633,2787.6800867484753,1.0197432038055094,5,1.9317308345234838
1.2,15,1.427996660722633,6304.248867311874,0.9953151103891037,8,1.7147057048659284
1.2,11,1.427996660722633,1897.577296569294,1.0061035169234034,9,1.9564445138050328
0.373,11,2.288122835826506,2872.211141806775,0.995954356846473,0,-0.09302102675178524
1.2,11,1.427996660722633,2368.3020070166303,0.9934318502650183,3,2.055591454516671
0.6,11,1.9634954084936205,2493.314909506029,1.0225689794421473,4,1.8454192331497996
0.6,15,1.9634954084936205,1751.5609675415928,1.019976215804813,4,1.751930689309044
1.476,15,1.2688177114659906,2011.0583627203373,1.0170133745136554,7,1.9308422551943523
1.2,15,1.427996660722633,2225.007251291517,0.9907250922270173,7,1.9337594330185992
1.3530000000000002,15,1.335143499188182,2315.900222183917,1.020859451957154,3,1.9920321307768414
0.6,15,1.9634954084936207,1638.7032537733933,1.0144255076713538,12,1.9495688419574972
1.2,4,1.427996660722633,2610.145148100523,1.0344420281805973,2,1.850100751192838
1.2,15,1.427996660722633,2166.338858072398,1.0134405311024437,11,1.8633023220591414
1.2,4,1.427996660722633,2551.932968666615,1.0228215767634854,1,1.9031668866243865
1.2,15,1.427996660722633,2231.0374035894047,1.019782999822615,4,1.909719215544213
1.2,15,1.427996660722633,6089.400566244912,0.9906504871524595,11,1.757463377298763
1.2,15,1.427996660722633,5860.944512081597,0.992319845332855,13,1.6668951371804215
1.2,4,1.427996660722633,2495.1290503436326,1.0227505102042334,3,1.8411384736575884
0.6,15,1.9634954084936207,3108.2840101095194,1.0228215767634854,1,1.73499391714189
1.2,11,1.427996660722633,2418.4230899527447,0.995954356846473,1,1.9266052561575429
0.6,8,1.9634954084936205,2033.453043512943,1.0223026566432132,7,1.1299767520875246
1.2,15,1.427996660722633,6967.502731658396,1.0197903416241065,11,1.687908118571171
0.863,15,1.6863084560331687,2830.855238669862,1.0228215767634854,0,1.0092662398159369
1.2,11,1.427996660722633,2535.9730079650753,1.0228215767634854,1,1.878733714809034
0.618,15,1.941651825457227,1971.7637723084194,1.0168890538683468,9,1.664293498931146
1.2,15,1.427996660722633,6140.149622041816,1.0228215767634854,0,0.9740465527080826
0.6,8,1.9634954084936205,2870.465141580376,1.0320451452282158,0,0.8507709838074543
1.2,15,1.427996660722633,1987.5124962808009,1.0198893529325528,11,1.8060528645301661
1.084,15,1.5074820794576744,2162.2366220094877,1.0100832044459072,14,1.8119016012463258
0.47100000000000003,11,2.1356850126375204,1973.572482535902,0.9930684769187607,5,1.6178654618378023
0.569,4,2.002289772842443,8492.937331004014,0.995954356846473,0,0.7269928607008564
0.6,8,1.9634954084936207,2884.4435797177757,1.0228215767634854,0,0.83146915124438
0.39799999999999996,15,2.247205045486261,5343.542870111386,0.9943279826853522,6,1.340418422611089
1.2,15,1.427996660722633,2238.3592658471193,1.0225959547115129,4,1.9044659637793921
1.2,15,1.427996660722633,2043.077441937973,1.0160732393985867,7,1.8888940971008212
1.2,11,1.427996660722633,50.34651300911342,0.9513245431163679,2,3.704966205653866
0.6,4,1.9634954084936205,2310.6914821409964,1.0227923070762626,3,1.6755552046089992
1.2,11,1.427996660722633,2379.4529186298414,1.0173495246592008,7,1.8792460595192364
1.2,8,1.427996660722633,2539.943714151817,1.020864398340249,1,1.786968364830458
0.6,8,1.9634954084936205,1595.6877649562598,1.0004644289039497,7,1.5606341542272555
0.6,8,1.9634954084936205,6325.870204278355,1.021127601598133,7,1.4127630071202206
1.2,8,1.4279966607226329,2327.9796523058517,1.0170354640948178,7,1.8067798703006082
0.937,4,1.6218857272017517,2665.2031187833054,1.0218868277433741,2,1.945640795497014
1.2,8,1.427996660722633,2433.7876485685833,1.0228215767634854,0,0.9554310415807942
0.569,4,2.002289772842443,2786.1930093280926,1.0227190002050794,2,1.7814853008794154
1.2,15,1.427996660722633,2686.1074989461968,0.9891860705634364,11,1.8838958529308794
0.349,11,2.3288307291251247,1449.4207840998336,0.9894709719746386,9,1.45182751812509
1.2,11,1.427996660722633,6606.616068219636,0.9953449642045238,4,1.747061994878755
1.2,15,1.427996660722633,2301.57609850311,1.0195516543849847,7,1.7957014829891615
0.6,15,1.9634954084936205,2711.9717578053915,1.0228215767634854,0,0.9143059501176682
1.2,11,1.427996660722633,2219.0820877388287,1.0130251525189693,10,1.724430678102028
0.6,11,1.9634954084936205,1882.4077571209586,1.0214723629130764,5,1.7585259003463098
0.6,11,1.9634954084936207,1897.4928179841484,1.0222945685374407,7,1.8425974839198538
1.2,8,1.427996660722633,6776.802079446733,0.9953419297984059,3,1.6737452497627676
1.2,11,1.427996660722633,3940.6104319448737,1.0179272711671907,10,1.7470898041218395
1.2,11,1.427996660722633,2123.6735307640247,0.9906832480130259,8,1.8652097889567407
0.6,8,1.9634954084936205,2826.7451718233992,1.0228215767634854,0,0.8525221401036026
0.6,15,1.9634954084936205,5167.823946081748,1.0217143569750708,4,1.6682398999534889
1.206,15,1.4241127169491357,2285.6591829862987,1.017991523694966,6,1.8898960859401295
1.2,8,1.427996660722633,6685.73438844013,0.9941763331714942,7,1.7423308307266452
0.6,15,1.9634954084936205,2787.028372817338,1.02412272839155,2,1.6536056699428738
1.2,11,1.427996660722633,2121.573545620095,1.028217449168313,6,1.8513844763685074
0.6,4,1.9634954084936205,1774.4701066845294,1.022578328200598,3,1.7141764453706771
1.2,4,1.427996660722633,2348.2733644169766,1.0226711829769546,3,1.7931942701436867
0.667,15,1.8845786764185921,1926.242366080666,1.0133272656009842,14,1.5789480086509946
0.42200000000000004,15,2.2092775341700372,1926.186159287228,1.0186713508429528,6,1.4195829443972787
0.6,11,1.9634954084936205,1545.0414660383583,1.0206111643778788,10,1.4526533834094086
1.2,15,1.4279966607226329,2129.149553169763,0.9923443470113272,5,1.874573256544114
0.6,8,1.9634954084936205,1648.0076557044977,1.0190473090520107,7,1.5266774154716898
0.6,15,1.9634954084936207,1979.2236088235302,1.0139939838029646,13,1.787754628517202
0.6,8,1.9634954084936205,2801.373399004844,1.0228215767634854,1,1.7758560709787359
0.6,8,1.9634954084936205,7826.896761794438,1.0228215767634854,1,1.5766243969099498
1.2,8,1.4279966607226333,2320.033945151526,1.0189335460319797,5,1.9532299999381812
1.2,15,1.427996660722633,2297.6961455672767,0.9871067435234464,4,1.8967463041608383
0.42200000000000004,15,2.209277534170037,2240.5447821244397,1.0210618459443392,3,1.6270619677809524
0.6,15,1.9634954084936205,2790.217760636057,1.0228215767634854,0,0.8793927536377995
0.6,4,1.9634954084936205,2717.6585596463287,1.0226444476058,3,1.6914270838930503
1.2,15,1.427996660722633,2147.0644204918676,1.003854319435248,13,1.8523736926751315
0.8390000000000001,15,1.7083157442032588,2704.546554558179,1.02199822003362,2,1.9227566786722086
1.2,11,1.427996660722633,6558.7222636502775,0.9953154829377094,3,1.798571290526815
1.2,8,1.427996660722633,2240.7235512607713,0.9959419945009792,5,1.951143409615416
0.545,15,2.0333933032943645,5578.287235200333,0.9943660214553312,7,1.6621946090236293
0.6,15,1.9634954084936205,1662.6526076342952,1.00577926081895,7,1.9527549258215173
0.6920000000000001,4,1.8567332468024782,2352.456979187474,1.022638693575955,3,1.4768189251706352
1.2,8,1.427996660722633,6913.299829276318,1.005324456425746,4,1.767131371944124
0.6,11,1.9634954084936205,1563.8333439400278,0.9977190871696396,8,1.8086747900280944
0.6,8,1.9634954084936207,2475.233784944806,1.0205998264974927,4,1.850754954430696
0.6,8,1.9634954084936205,2563.720394344059,1.02240670558099,7,1.4963209612552415
1.2,15,1.427996660722633,2113.5305106004307,0.9835663835564121,8,1.887168086842109
1.2,4,1.427996660722633,7350.254937064088,1.013039336099585,1,1.6795764774353652
0.6,8,1.9634954084936205,5202.752995670471,1.022561215137042,4,1.6675270247585532
1.2,15,1.427996660722633,7040.276578648965,0.995954356846473,0,0.9843437246125665
1.2,8,1.427996660722633,2389.5154020242694,1.0063352697095436,0,0.9686891055430692
0.6,15,1.9634954084936205,2311.1536569090813,0.9935498698353132,3,1.768240764094846
1.2,8,1.427996660722633,8691.84863904419,1.0225386518683723,2,1.614637258991879
1.2,11,1.427996660722633,2298.9461159886037,1.018684172270353,6,1.8860472854809576
1.2,4,1.427996660722633,2455.7858424599835,1.0228215767634854,1,1.8487466440569813
0.6,8,1.9634954084936205,2707.3415030544606,0.9985876494220814,2,1.8875865103927785
1.2,11,1.4279966607226333,5571.659351512661,0.9937587090638729,8,1.8225204790421292
1.2,11,1.427996660722633,2253.064871560773,1.02185147035148,9,1.9166565849526018
0.6,11,1.9634954084936205,5138.399734236793,1.0224167042874261,6,1.7739322409414822
1.2,11,1.427996660722633,2469.253951520257,1.0228215767634854,0,0.9550177267656693
1.2,15,1.427996660722633,6036.753138434274,0.9921158134672942,13,1.775154138329032
1.2,11,1.427996660722633,2192.2061945850464,0.9983951400792975,7,1.921715189972248
0.6,15,1.9634954084936205,1613.421212478155,0.9892623528402643,7,1.980366011418869
1.157,11,1.4564639098700942,2125.4110903860774,0.9888814444251989,9,1.9322169054804734
1.2,4,1.427996660722633,8234.620225332577,0.9954478247383749,3,1.6775344508227399
1.2,15,1.427996660722633,2459.818534885502,1.0228215767634854,1,1.8305719737264443
0.6,4,1.9634954084936207,3077.7795831929225,1.0227327110104412,2,1.6069615851469845
1.2,15,1.427996660722633,2134.7842789970464,0.9847912178783167,10,1.8637026394797649
1.2,15,1.427996660722633,3811.681271806016,0.991499584838212,10,1.8099441079163905
0.6,15,1.9634954084936205,2795.9117133529903,1.0226031666598514,2,1.674587653652884
0.6,15,1.9634954084936205,1599.5510957284455,1.0292532751229504,9,1.6659643179874408
1.2,11,1.4279966607226333,1908.293400800439,0.9887686227095213,9,2.002944190298458
1.2,8,1.427996660722633,5454.22623520477,0.995954356846473,1,1.7241901581840355
1.2,15,1.427996660722633,2094.056519719506,0.9785803042780992,8,1.897420984247117
1.2,11,1.427996660722633,2306.165619079388,1.0209267849273442,6,1.8819043111006701
1.2,15,1.427996660722633,6223.890993137001,1.0090582729197366,13,1.7461470254854734
0.8390000000000001,8,1.7083157442032588,1933.1363143462893,1.0222585000487145,7,1.6493559475416955
0.6,11,1.9634954084936205,1807.1081539491604,1.0215273281292625,6,1.8550693917686603
0.6,8,1.9634954084936205,8698.65688711036,1.0228215767634854,1,1.553197133908753
0.6,11,1.9634954084936205,6622.758798441448,1.0224072692815926,2,1.7574552746385672
0.6,4,1.9634954084936205,2795.9010704507155,1.0228215767634854,0,0.8746659792170776
1.2,11,1.427996660722633,6532.668046667335,0.994169557934915,7,1.682450402664858
0.39799999999999996,11,2.247205045486261,1345.9893858857965,1.016605625494495,8,1.5289972199070208
1.2,11,1.4279966607226333,5711.058274051868,0.9940658341904866,7,1.7815908290122207
1.2,8,1.427996660722633,6573.061049165422,0.9959298015317654,5,1.79004887208844
0.6,4,1.9634954084936205,2733.913991906591,1.0228215767634854,1,1.7733948725784558
1.2,11,1.4279966607226333,2188.221031567928,0.994111627017909,3,2.0032422627992084
0.3,15,2.41660973353061,1417.7152468681843,0.989974112663852,8,1.1605734447719707
0.6,4,1.9634954084936205,2749.7199272449725,1.0140602252065216,2,1.6447755866002958
1.2,11,1.427996660722633,2307.3756177071045,1.0177715508900873,5,1.961192351041852
1.2,15,1.4279966607226329,6574.93026354689,0.9953080221710285,3,1.798101539831495
0.6,15,1.9634954084936205,1483.6996813673695,1.0231761644783888,14,1.2000899706966035
1.2,15,1.427996660722633,2001.5490364311008,1.0286302661347575,9,1.7918560453346497
1.4509999999999998,15,1.2817595485882471,6042.864937183836,0.9933376292621915,10,1.896375362939686
0.496,15,2.09999508929799,2709.8859879757983,1.0220006564822592,2,1.6710488922922937
1.3530000000000002,8,1.3351434991881823,2359.2125892518225,1.0209197383164352,3,1.913613764734429
0.6,11,1.9634954084936207,2146.4207706912057,1.0191193071166167,6,1.699986316457039
1.2,15,1.427996660722633,2337.35941056711,1.0208187511750548,3,1.8298562803033438
0.6,4,1.9634954084936205,3037.063934271272,1.0228215767634854,1,1.7269048464552577
0.6,15,1.9634954084936205,5521.029116658718,1.0222548096637392,8,1.4691102351930576
1.5,8,1.2566370614359172,2110.503895921703,1.0199240109102454,4,1.9821349477261239
1.2,11,1.427996660722633,2321.4942354215054,0.9830277600269148,3,2.0743642239658846
1.2,4,1.427996660722633,2471.1732336285627,1.0031121908152842,2,1.9051514105815246
1.157,4,1.4564639098700942,2452.4680181628605,0.995954356846473,1,1.8801859167534851
0.79,15,1.755079694742901,1695.5156866770903,1.0135230254814096,13,1.7775523085657265
1.3780000000000001,4,1.32110708729596,6664.018418128916,0.995365240486988,3,1.7607394933983376
1.2,11,1.427996660722633,2564.05388962319,1.0228215767634854,0,0.947778486630129
0.6,8,1.9634954084936205,7120.296470331953,1.0225665327390778,3,1.7444504395671991
1.2,15,1.427996660722633,6529.807039349,0.9957383329147924,5,1.8077295788830152
0.42200000000000004,8,2.2092775341700372,8749.752740773814,0.9955544866276014,2,1.2110598598631792
1.2,8,1.427996660722633,7431.355145185409,1.021035419562438,7,1.555582798040641
1.2,11,1.427996660722633,5617.947556606143,0.9945779908513457,5,1.8909373758987194
1.0590000000000002,11,1.525785650116461,2691.27835405864,1.0228215767634854,1,1.744928797086284
1.2,8,1.427996660722633,2331.8898493752704,1.0170240536025978,5,1.911594583672541
1.2,15,1.427996660722633,179.98215262828984,0.9352697095435684,12,2.3785512454295157
0.937,15,1.6218857272017517,2125.496866389835,0.9894035587673197,9,1.8876491660168644
0.6,11,1.9634954084936205,8936.505473417432,1.022078679021628,3,1.6002375887035942
0.863,15,1.6863084560331687,2233.412004307956,1.0179356600250993,7,1.8013186205568554
1.2,8,1.427996660722633,2102.5419972476543,1.02102754355477,6,2.0035590376917676
1.2,11,1.427996660722633,2295.748511225823,1.0141703248427634,10,1.8442049456473775
0.6,15,1.9634954084936205,8950.414740417016,1.0228215767634854,0,0.8886778360765213
1.2,15,1.427996660722633,2278.6354542874565,1.0179731201702007,6,1.8504965865171743
1.2,11,1.427996660722633,2205.5731454884976,1.0204031245732648,4,1.9297978231926451
0.6,11,1.9634954084936205,2965.168811589617,1.0227331182380028,2,1.6125261429863313
1.2,11,1.427996660722633,7475.310255035611,1.0228215767634854,1,1.7362496823665459
0.6,11,1.9634954084936205,2827.3880968302446,1.0223571651674759,2,1.8883060951107289
0.6,15,1.9634954084936205,6292.729400818111,1.0221563650469618,8,1.4507148315009384
1.2,4,1.427996660722633,5331.304529754154,1.0228215767634854,1,1.787549905951073
0.6,15,1.9634954084936205,1591.608516129609,1.022672880374534,9,1.7976588723426685
1.2,11,1.427996660722633,6489.365086986544,0.995934109806715,5,1.818071416721004
1.2,15,1.427996660722633,216.71570913608824,0.9518686004646243,6,2.2754559714655427
0.6,8,1.9634954084936205,4556.472322342903,1.0225216356463316,5,1.8581260908178734
0.6,15,1.9634954084936205,1467.2657872366576,1.0149491300801552,11,1.6669576350164794
1.2,8,1.4279966607226329,7094.740226872302,0.9956511661646723,2,1.7649636794670804
0.6,8,1.9634954084936205,2824.631585141112,1.0228215767634854,0,0.8507709838074543
0.6,11,1.9634954084936205,1754.0060669599716,1.0240437408645684,7,1.8010294153406377
1.035,8,1.543780173754198,2282.369941173404,0.992362909559376,5,1.8172929524955352
1.2,15,1.427996660722633,2204.92224188695,1.0131982893062739,9,2.0009287120885793
1.2,8,1.427996660722633,2190.3572445380137,0.9903102930839612,6,1.9120753333067761
0.6,11,1.9634954084936205,1880.5315117585437,1.0211025618713931,5,1.7573742339836156
1.2,15,1.427996660722633,4913.46635750938,1.0228215767634854,0,0.9788367900301268
1.2,11,1.427996660722633,1020.3449787353738,0.995954356846473,1,1.979466354642888
1.2,8,1.427996660722633,2242.861027049879,1.0194459163534262,4,1.845320849209521
0.6,15,1.9634954084936205,1525.9774967156084,1.012866568158146,13,1.6164581367094428
1.2,11,1.427996660722633,2196.1545008197313,0.9932139361744982,6,1.9316815583065547
0.6,15,1.9634954084936205,1566.312452342,1.0179062826063643,9,1.6828659104077939
1.2,15,1.4279966607226333,2106.7073653498683,1.0111625730225045,13,1.808194517173936
0.6,8,1.9634954084936205,3021.7997254833604,1.0228215767634854,1,1.7671646528324225
1.2,11,1.427996660722633,949.2897138174565,1.0044098094728702,9,1.9321144219971493
0.6,11,1.9634954084936205,2810.4351316645516,1.0253374273858922,0,0.8728248386187436
0.6,4,1.9634954084936205,2962.7133146630154,1.0228215767634854,0,0.7839252726617919
0.6,8,1.9634954084936205,1727.0282774618272,1.0181271300281856,7,1.5744814716906868
0.863,4,1.6863084560331687,2680.282570453322,0.9952122635941448,2,1.7017726744859796
1.2,15,1.427996660722633,2287.874047505434,1.0279497236858868,4,1.9611841727347008
1.2,11,1.427996660722633,8066.431801261676,1.021701102053687,5,1.71371683225603
1.2,15,1.427996660722633,2228.872427287057,1.0227815460654561,14,1.8774326387278946
1.2,11,1.427996660722633,2501.5406420802337,1.033162489626556,0,0.9723823216108977
0.6,15,1.9634954084936205,558.4587535973325,1.021047968700754,8,1.6107809007955192
0.6,11,1.9634954084936205,7972.917381002526,1.0228215767634854,1,1.5035549691325334
0.6,15,1.9634954084936205,1464.801305568911,0.9773767471993674,10,1.7315677015810502
0.6,11,1.9634954084936205,1560.4561456269435,1.0226206604049555,9,1.5681728494955334
1.2,11,1.427996660722633,6357.058088315848,0.9958995568527931,7,1.7899015686009312
1.2,15,1.427996660722633,6089.423288079083,0.9907240911024021,11,1.7584060578930292
0.863,11,1.6863084560331687,6177.0717384573145,0.9941321489555758,8,1.5597917346716585
1.2,15,1.427996660722633,3212.36847935973,1.0228215767634854,0,0.9527694865826674
1.2,11,1.427996660722633,6285.49683579689,1.0228215767634854,0,1.0017013528898946
0.6,11,1.9634954084936205,7201.104908379413,1.0224243935573412,4,1.6818703006847555
1.2,8,1.427996660722633,2524.6611548909173,1.021616939351977,3,1.8416624874296492
1.2,4,1.4279966607226333,2431.9810196039193,1.0208573844721245,3,1.847375018119354
1.2,15,1.427996660722633,2060.2429313543685,0.9855338047139129,11,1.9143355511465727
0.6,15,1.9634954084936205,3247.115833698916,1.0197269044486559,9,1.6821404561816264
0.6,11,1.9634954084936205,4981.624352926541,1.0211721679776367,6,1.7774329512286497
1.2,15,1.427996660722633,6949.094522725414,1.0209865868367893,7,1.7364414326105306
1.5,8,1.2566370614359172,1998.8979980283227,1.0221756867258054,7,1.9242574313241523
0.6,8,1.9634954084936205,3618.038773895306,1.0225385814168093,5,1.8848980072711288
0.6,11,1.9634954084936205,2432.3524888068146,1.0184319780147384,10,1.4164132492666845
1.2,11,1.427996660722633,2253.559144401247,1.0219949646102429,9,1.916387474804818
1.2,11,1.427996660722633,6572.230662335946,1.006894157620444,6,1.7415391695870008
1.2,15,1.427996660722633,6036.753138434274,0.9921158134672942,13,1.775154138329032
0.6,15,1.9634954084936205,1719.5095172274725,1.014875386904564,7,1.8922528643682774
1.2,8,1.427996660722633,2403.5934230244397,1.0096873029045643,0,0.9686891055430691
0.6,11,1.9634954084936205,4828.633695582992,1.0223016546408552,8,1.6810127082764714
0.6,11,1.9634954084936205,1534.8100127910448,1.011789708379982,9,1.5849597418300554
1.2,4,1.427996660722633,2318.533112906528,0.9897629045643154,0,0.9688942842135039
0.6,15,1.9634954084936205,2052.416617177197,0.9975450065980338,4,1.731923504559891
1.2,11,1.427996660722633,6214.264755913429,0.9942557271143488,8,1.709181191021941
0.6,11,1.9634954084936207,2237.7302938170483,1.0224751542419317,5,1.7832607525860535
1.2,11,1.427996660722633,2300.917388584159,0.995954356846473,0,0.9787072031289394
1.2,15,1.427996660722633,3130.9130064627166,0.9905278763286698,10,1.8276146707187866
1.2,8,1.427996660722633,7142.249136677769,0.995954356846473,1,1.744602560827875
1.2,15,1.4279966607226329,5738.646506566117,0.9934790252494933,9,1.799989527511626
1.2,11,1.427996660722633,6725.462716069629,0.9841945655537943,3,1.8166697976661632
1.2,15,1.4279966607226333,2337.1443193454847,0.9950465800777034,2,1.9111232466298482
0.937,11,1.6218857272017517,2626.025909337723,0.995954356846473,0,0.8493036009663121
1.01,15,1.5629814196964147,2581.054901533997,0.995954356846473,0,0.6292012303702621
0.6,8,1.9634954084936205,10024.44322346251,1.0228215767634854,0,0.8973884057878224
1.2,4,1.427996660722633,2435.079010182268,0.9956386674357955,2,1.9172080312076507
1.2,8,1.427996660722633,2303.827834403619,1.0186842448656164,6,1.863098332015923
1.2,11,1.427996660722633,6098.808881265756,0.985060000893873,10,1.7019452283605565
1.2,15,1.427996660722633,6451.296661166284,1.019553225037879,11,1.7095626126861554
1.0590000000000002,4,1.525785650116461,2535.9178541599745,1.0208542327204264,3,1.8324817939115237
1.2,8,1.427996660722633,7045.8876966378175,1.0228215767634854,1,1.7050599461803628
1.2,4,1.427996660722633,6131.853349927242,1.0228215767634854,0,0.9774650463439581
1.2,11,1.427996660722633,5829.783089389145,1.0220045129753719,3,1.7634139977736176
1.2,15,1.427996660722633,2400.7154313433816,1.0208521937931492,3,1.9158289094356573
0.863,11,1.6863084560331687,2701.077969820669,1.0219737780857636,2,1.8817555837008897
1.2,4,1.427996660722633,1038.816924638125,1.0228215767634854,0,0.9478125085712246
1.2,15,1.427996660722633,1903.0793218285896,1.005617615908176,12,1.9430051769002592
0.6,15,1.9634954084936205,6811.508521014747,1.0222832635759285,6,1.6571253872744167
0.6,15,1.9634954084936205,2479.7212265399544,1.0327304462512183,3,1.7182563373882929
1.2,4,1.427996660722633,2610.145148100523,1.0353971784232365,1,1.808873297629031
1.2,15,1.427996660722633,7334.276128319513,0.9931854456030406,12,1.721988034678883
1.2,4,1.427996660722633,2455.7022458483075,1.0219817427385893,0,0.9688942842135039
1.2,11,1.427996660722633,2412.7698771356363,1.021805405559112,2,1.8806334209420619
1.2,15,1.427996660722633,2329.400602861483,0.9953882842717446,4,1.8813652457475296
1.2,8,1.427996660722633,2541.74569210615,1.0228215767634854,0,0.9557950648561306
1.2,8,1.427996660722633,2357.4840923925894,1.031744561894903,6,1.8412156551078411
1.2,8,1.427996660722633,6521.6972052317105,1.000175224999697,6,1.754053070799057
1.2,11,1.427996660722633,2228.0533492097948,1.014553958356993,9,1.9304427658676662
0.6,8,1.9634954084936205,2707.3415030544606,0.9986795020746888,1,1.811033052482558
1.2,15,1.427996660722633,2301.6585745797756,1.0207589313969487,6,1.8402776801623308
0.6,15,1.9634954084936205,3276.6908734867434,1.0193553042619339,10,1.578092614236743
0.6,11,1.9634954084936207,3034.5957009056438,1.0228215767634854,1,1.656815950882459
0.937,15,1.6218857272017517,6233.163116346901,0.9936864725395352,9,1.639623252777003
0.667,8,1.8845786764185921,1997.3087421867806,1.0224631142214515,5,1.8411873583183131
1.2,11,1.427996660722633,2019.6446648244143,0.9923034788893702,5,2.0259362184596656
1.2,8,1.427996660722633,2341.7528814080943,1.0202436589504054,5,1.905562122612441
1.035,15,1.543780173754198,2176.728876498578,1.0119744879055046,12,1.8387179088766679
0.6,8,1.9634954084936205,1790.0289661023357,0.9953648279762188,5,1.9805590971549367
1.2,11,1.427996660722633,2337.5488733619427,0.9938041100308376,2,1.9193082954038119
1.2,8,1.427996660722633,5014.990842179894,0.9951126050832682,3,1.7791357328333928
0.324,11,2.3728041190255236,1458.1261890539663,1.0155053994621315,9,1.3354490173325835
0.594,8,1.9708862318631075,2028.48055933784,1.020469746320224,4,1.8365856429465237
0.6,15,1.9634954084936205,1742.5216597949084,1.0167484469704824,9,1.828470801562649
1.2,11,1.427996660722633,2333.1089685503443,1.0177422919166281,3,1.9246229269304307
0.6,11,1.9634954084936205,2307.7125631949402,1.0072548960756058,3,1.8646712315292957
0.6,15,1.9634954084936207,3108.233131844987,1.0228215767634854,0,0.7544117994758228
0.324,8,2.3728041190255236,4492.664836226382,0.9938313479903713,7,1.0190813086761035
1.157,15,1.4564639098700942,7205.62085209502,0.9956518335253408,2,1.770333716577138
1.2,15,1.427996660722633,2350.789313551954,1.0170919134255263,7,1.8968058047230065
1.2,4,1.427996660722633,8495.556868868138,0.9956977920225927,2,1.6700020986134516
1.5,8,1.2566370614359172,6138.138532857892,0.9945055850133278,6,1.7808012782535245
1.2,15,1.427996660722633,2444.684648309979,1.0007448962655603,1,1.85892997603766
0.6,8,1.9634954084936205,1864.7109923727055,1.01773483414948,5,1.94804853319729
1.2,8,1.4279966607226333,6828.450053037841,0.995954356846473,1,1.776777242385966
0.961,11,1.602036029367564,2073.2202603895616,1.0179894602031363,6,1.7778209095961288
1.2,15,1.427996660722633,2469.3545753235812,1.0228215767634854,0,0.9548773413595824
1.2,8,1.427996660722633,6964.380901459353,0.9848078008298755,0,0.9978933374330772
1.3780000000000001,8,1.32110708729596,2330.2406634372373,1.0228215767634854,1,1.9159448143595035
1.2,15,1.4279966607226329,2380.4949376553664,1.0189635080796065,5,1.8981101444278767
1.2,4,1.427996660722633,2435.079010182268,0.995954356846473,1,1.8747537507814467
0.6,15,1.9634954084936207,2007.1842276914645,1.018340166366826,7,1.8813509936024773
1.2,15,1.427996660722633,6323.6363843939,0.9979755359953063,10,1.7114107158512892
0.6,4,1.9634954084936205,3641.0539400800335,1.0228215767634854,0,0.8707591752560848
0.6,15,1.9634954084936205,2781.595117962421,1.0223182185220647,2,1.6558637019063722
0.6920000000000001,8,1.856733246802478,6277.25750454392,0.9947386241813847,6,1.675592986838037
0.6,11,1.9634954084936205,1557.3133949226842,1.021301833373723,9,1.5701978617651458
1.4509999999999998,15,1.2817595485882471,2282.6772899232137,1.0228215767634854,0,1.3613590151377393
1.2,11,1.427996660722633,6429.696718277096,0.9948095131489053,6,1.762904516456613
1.2,15,1.427996660722633,1226.7421399892773,0.9792725481914609,12,1.9492557591936421
1.2,11,1.427996660722633,1871.042698768245,0.9945186703367671,10,1.7867759410427475
1.2,11,1.427996660722633,2141.9566392203687,0.992658393883668,9,1.9688342874769416
0.6,11,1.9634954084936205,2387.510219665886,1.0260095940308602,3,1.8400131479678572
1.084,11,1.5074820794576742,1944.0570507912144,1.013697121201995,10,1.7428474752883272
1.2,15,1.427996660722633,3703.8072283575484,1.0192364600365094,7,1.751398162030456
0.3,4,2.4166097335306103,2650.717965783163,1.0228215767634854,0,-0.3756638549114817
1.2,11,1.427996660722633,2176.335597344376,0.9958894905312569,7,1.9288365307081219
1.2,4,1.427996660722633,2499.1008624829587,1.0218407085045782,2,2.011672744509024
1.1079999999999999,11,1.4903190956308319,2633.89379881512,1.0228215767634854,0,0.7890485530029455
0.6,11,1.9634954084936205,1344.2879658361549,1.022224026233144,6,1.8808933770470042
0.6,15,1.9634954084936205,1476.6515876069984,0.9851367088301581,9,1.735466930770047
1.2,11,1.427996660722633,1430.452507467259,1.0228215767634854,0,0.9584410017222472
0.6,8,1.9634954084936205,2658.0554611187736,0.9880498851119974,2,1.8998726221035809
0.643,8,1.9121075189225765,1765.841858119215,1.0182148120293832,7,1.570881150053429
0.863,15,1.6863084560331687,6681.960897206007,0.9948990552943199,5,1.5695429907844038
0.6,11,1.9634954084936205,2427.9269723041675,1.0363216647462006,3,1.8258519834557358
0.6,11,1.9634954084936205,1073.1580334170828,1.0218947595620576,8,1.7435113629459953
1.2,15,1.427996660722633,2062.388640147251,1.022532149157687,7,1.8769627397075872
1.035,11,1.543780173754198,2238.2839678679215,1.013945724767052,10,1.7624186229889514
1.2,11,1.427996660722633,4237.86515474024,0.9941339086952133,5,1.9529438756195427
1.2,8,1.427996660722633,5046.794629283735,1.0214771335278456,4,1.7755246410705297
1.2,4,1.427996660722633,6988.857183055807,0.9956454343270277,2,1.7532567699115151
1.2,15,1.427996660722633,3107.6392246986716,1.016028003603589,12,1.8468906333962363
1.2,11,1.427996660722633,2358.382393715577,1.0201905000591696,4,1.8834281825670312
1.2,15,1.427996660722633,2234.0811408301274,1.0209533431504858,4,1.9075300585597013
0.6,8,1.9634954084936205,1762.3778099475596,1.0194792705489206,6,1.755433116532575
1.2,15,1.427996660722633,6072.468251979165,0.9954842376019504,13,1.7691255580460594
1.2,11,1.427996660722633,5540.239976288922,0.9940394150312797,7,1.8261513835404068
0.6,15,1.9634954084936205,1462.458957784242,1.0070234320510574,13,1.7386739722295041
0.6,15,1.9634954084936205,2853.141157333614,1.0228215767634854,0,0.8732807019681894
0.6,8,1.9634954084936205,1627.6509735678176,1.022668430537944,2,1.7203269698624228
1.2,15,1.427996660722633,6788.604391865403,1.0172985382177222,5,1.7706680158486012
0.6,15,1.9634954084936205,6110.762826471993,1.0224396389611912,5,1.7265587876025374
1.2,15,1.427996660722633,7487.262399479207,1.0228215767634854,1,1.618723569303683
1.2,11,1.427996660722633,2469.253951520257,1.0227457628653616,2,1.9014192363133777
0.6,11,1.9634954084936205,2495.0333038048607,1.0212938794165975,3,1.9041964655278367
1.133,11,1.4728516894466914,2538.027029059686,1.0208727644121458,3,1.9227806010983388
1.2,15,1.4279966607226329,5164.403934584304,0.9918756621888732,14,1.7029365725857617
1.2,15,1.427996660722633,7001.789466481999,0.995954356846473,1,1.7652397265440984
1.2,8,1.427996660722633,3767.703509611703,1.0221709426892023,2,1.830359100554285
1.3530000000000002,15,1.3351434991881823,2437.7377960398294,1.0228215767634854,0,1.1899313322528036
1.2,15,1.4279966607226333,5632.864613991049,0.9937645461564881,8,1.7344666435265892
1.2,15,1.427996660722633,8205.416402146106,1.0219614083507613,4,1.6721062525854278
1.2,11,1.427996660722633,6384.861462447919,1.0217479847183477,4,1.7215120074659083
1.2,8,1.427996660722633,6786.798924027121,0.9951321406341197,4,1.7847921670051872
1.2,15,1.427996660722633,1917.8537105447983,1.0148351074604405,13,1.8559656731588867
0.6,8,1.9634954084936205,2824.631585141112,1.0226404776391198,2,1.861661493816028
0.6,4,1.9634954084936205,6773.462294650378,1.0228215767634854,1,1.5539742887581123
0.52,8,2.066837272098548,1654.2826599480284,1.0223407669258209,6,1.8392185722349357
1.2,4,1.4279966607226333,2475.7693991678825,1.0208858752515177,3,1.8701019719030236
1.035,15,1.543780173754198,2164.788212076659,1.010003167664234,14,1.7715109520966168
0.6,15,1.9634954084936205,1915.7818668088657,1.003720285245361,5,1.8710676177095014
1.2,8,1.427996660722633,8891.989383855402,1.0228215767634854,1,1.5595121307998585
1.2,4,1.4279966607226329,2465.763537984567,1.0208923202148363,3,1.9304101971564824
1.2,15,1.427996660722633,2093.6410797379917,0.9951642022846866,11,1.8958101536301801
1.2,15,1.427996660722633,6140.0632891661035,0.9956144414417889,11,1.7487009814284824
1.2,11,1.427996660722633,2181.7437534835994,0.9893155130106062,6,1.9360678053431812
0.6,11,1.9634954084936205,1706.4711391705175,1.0083227594852002,7,1.8246525580484716
0.6,11,1.9634954084936205,4482.531767469877,1.0223924646953502,7,1.779574894953344
1.2,4,1.427996660722633,4319.410827857786,0.9954583429894208,2,1.8496659107623799
0.6,15,1.9634954084936205,1539.91191150978,1.021027519105419,13,1.583349802018931
0.47100000000000003,8,2.1356850126375204,1756.5076267581392,1.0224113718654808,5,1.5974904284267308
0.6,15,1.9634954084936205,8507.563576769166,1.0228215767634854,1,1.5554140642043743
1.2,8,1.427996660722633,2420.1597533801737,1.0197202635229985,4,1.9540861720628864
0.6,15,1.9634954084936207,1611.3141559942133,1.0217682873485865,13,1.5794399935948014
0.6,11,1.9634954084936205,1980.590175853375,1.0038070122584022,4,1.8676027706596219
1.2,15,1.427996660722633,5242.366595256414,1.0188120983356839,11,1.745553335814656
1.2,15,1.427996660722633,2198.4659930033304,0.9943895492990011,7,1.8390275753146677
1.2,11,1.4279966607226333,2087.8245864538944,1.0178249114213243,6,1.8951215948571296
1.255,11,1.3931674738757396,2029.4816014860855,1.0220455356346647,8,1.8228336509426726
1.2,11,1.427996660722633,2045.1462382794507,0.9897170411338289,8,1.997126600526092
1.4509999999999998,15,1.2817595485882471,2131.254657843239,0.9899538531983676,8,2.0485526487010524
1.2,8,1.4279966607226329,2353.4484952880293,0.995954356846473,0,0.9820814957299117
1.2,4,1.427996660722633,2461.503132795208,1.000875318835148,2,1.9092137139448886
0.8140000000000001,11,1.731859235716534,2718.5321188271078,1.0228215767634854,1,1.790360252460999
0.6,15,1.9634954084936205,1941.9930711136847,1.0190065392316578,6,1.8387721021085075
1.2,8,1.427996660722633,2196.466177342455,0.9819761803533932,3,1.9424302012378754
1.2,8,1.427996660722633,1972.1309837063277,1.0081161871987394,7,1.7753941263708823
1.2,4,1.427996660722633,2342.7153173323964,1.0199583902887062,3,1.7979636453956298
1.2,4,1.427996660722633,2576.2276718694943,1.0228215767634854,0,0.9581025608169218
0.6,11,1.9634954084936205,2662.288324149693,0.9947147717842323,0,0.8728248386187438
1.2,8,1.427996660722633,7109.883470015752,0.995954356846473,1,1.6622953503616043
0.6,8,1.9634954084936205,1712.4079524473093,1.0036259203683695,6,1.7821840710351928
1.2,15,1.427996660722633,2398.399028452671,0.9950657379953313,2,1.9133310337812344
1.2,15,1.427996660722633,2239.5982782637566,0.9889757732139146,9,1.8709699708894438
0.667,11,1.8845786764185921,7193.501891464454,0.9954198122362543,3,1.6394845820825372
1.2,11,1.4279966607226333,2401.8180684690205,1.0228215767634854,1,1.904014129070287
1.2,11,1.427996660722633,9842.876962548822,1.0228215767634854,1,1.6304175047597058
1.2,15,1.427996660722633,2087.006187889391,0.9852728079903965,14,1.9556236665559683
1.2,15,1.427996660722633,7224.149745590459,0.995954356846473,0,0.9815098245486399
1.133,11,1.4728516894466914,2538.027029059686,1.0208727644121458,3,1.9227806010983388
0.6,11,1.9634954084936205,2038.3156064467748,1.0227931550353917,4,1.853203507554623
1.2,11,1.427996660722633,203.27429173021832,0.9352697095435684,10,2.347244816137212
0.6,11,1.9634954084936205,3864.826855123345,1.0225278348090567,5,1.7392459855521643
1.2,15,1.427996660722633,2478.466551696251,1.0085699585062242,1,1.8451917175329633
1.2,4,1.427996660722633,1417.5804125225022,0.9944376985198761,2,1.950707541000567
0.6,15,1.9634954084936205,415.4577871199231,1.0019868563103849,8,1.690223319845409
1.2,4,1.427996660722633,7131.148691212871,0.9959448699200102,2,1.7470808125098791
1.2,11,1.427996660722633,2418.4230899527447,0.995954356846473,0,0.9739482866987862
1.2,15,1.427996660722633,2229.006022691038,1.0228187186242097,14,1.8773644067198192
1.2,8,1.4279966607226333,6602.622292478038,0.9941762868766808,7,1.7053154683885154
1.2309999999999999,15,1.4081544839039863,2312.9206073273886,1.0189679697022502,5,1.8768898965278349
1.2,15,1.427996660722633,2365.1032635685497,0.9986795020746888,1,1.8876766701870586
1.2,15,1.427996660722633,2367.1158579400594,1.0170864629898289,7,1.90539916283393
1.2,11,1.427996660722633,2401.006368069792,1.0096873029045643,1,1.9149309868873874
1.2,11,1.427996660722633,7365.27696648601,1.0175123651452282,1,1.7085480016582066
1.2,8,1.427996660722633,2142.034747224782,1.0315850458429892,6,1.9924677332961547
1.206,15,1.4241127169491357,2121.3134277195063,1.0178305515237915,6,1.851729530079642
1.2,15,1.427996660722633,6137.539253310871,0.9953680236746816,11,1.7491338976774804
0.6,8,1.9634954084936205,5257.857150722996,1.0210222397154687,7,1.4484551722422745
0.863,15,1.6863084560331687,2211.453117947603,1.0202825147233543,4,1.9546247793144298
1.2,11,1.427996660722633,2185.7705747900327,0.9903102471889055,6,1.9342313122404111
1.2,4,1.4279966607226333,2401.4686921660673,0.9942125422103437,3,1.93775440573292
1.2,11,1.427996660722633,3698.4367074797015,1.0198329987952786,6,1.8229822588509232
0.6,15,1.9634954084936207,2305.703463483655,1.019863308582333,5,1.7265771900263218
1.2,15,1.427996660722633,2378.1721769901483,1.022812529528496,3,1.818623974450464
1.2,15,1.427996660722633,2094.3316549988376,1.0304628987331175,6,1.8367948718011538
1.2,8,1.427996660722633,7257.694489311402,1.0071186286857876,2,1.6882356341217062
0.6,15,1.9634954084936205,2458.574835982024,1.0284985294729259,3,1.722959441963037
1.2,8,1.427996660722633,2903.2587631155698,1.0228215767634854,1,1.7752961246649368
1.2,15,1.427996660722633,2459.818534885502,1.022631240297043,2,1.886693746945727
1.2,11,1.427996660722633,2251.2920980137415,1.0222972905590355,10,1.708790257809861
0.6,4,1.9634954084936205,2795.9010704507155,1.0227484719356168,2,1.6604945694866686
0.6,11,1.9634954084936205,5488.970419123842,1.0228215767634854,0,0.8471678025977596
1.402,15,1.307907016482012,2239.8196726081414,1.0224946096705347,4,2.0214830699579487
1.2,15,1.427996660722633,6116.770658402805,0.9944232128976529,6,1.7651431658962293
1.2,11,1.427996660722633,2472.44285879951,1.0254589044083147,2,1.8689279408156843
1.476,8,1.2688177114659909,2335.184531597693,1.0218818948960569,2,1.8823533681740747
1.2,4,1.427996660722633,2455.7858424599835,1.0228215767634854,1,1.8487466440569813
0.8390000000000001,15,1.7083157442032588,1887.3698265302532,1.0170759550421715,8,1.8416124772351983
0.545,8,2.0333933032943645,2979.978556762445,1.0228215767634854,0,0.6920729546255123
1.2,15,1.427996660722633,2259.0028557773967,0.9941643277250738,3,1.870990109211745
1.2,8,1.427996660722633,6572.932250841655,0.9959157081656899,5,1.790074203362804
0.6,11,1.9634954084936205,2827.3880968302446,1.0227366876656074,2,1.8876053725737396
1.2,8,1.427996660722633,2250.546764881044,1.0223827741798912,4,1.8400200508048454
0.741,8,1.8044759641526669,2754.7474401423024,0.995954356846473,1,1.8344858814166747
1.2,11,1.427996660722633,2266.109574213481,1.024381465214698,9,1.9089609009503645
0.6,8,1.9634954084936205,2876.061935446262,1.033162489626556,0,0.8507709838074541
1.2,15,1.4279966607226333,2548.2337877016157,1.021854046877538,2,1.8306437174485357
0.6,4,1.9634954084936205,3191.9660356992413,1.0228215767634854,0,0.871362202252159
0.6,8,1.9634954084936207,1804.2639210167351,1.02235580701155,6,1.9550596962210585
1.2,4,1.427996660722633,7857.853241265772,1.0222112810394062,3,1.6686633488929143
1.2,4,1.427996660722633,7182.543982045155,0.9956580433527472,2,1.7202584508969723
0.741,15,1.8044759641526669,5970.402692106705,0.9936516120135165,11,1.6172537793590258
1.2,15,1.427996660722633,2076.534701433941,0.9899070684838635,11,1.9052035924816286
1.28,15,1.3778915147323654,2355.6495206563636,1.0199470773919497,4,1.8419778236110016
0.6,8,1.9634954084936205,1183.618447767481,1.0209771544214723,2,1.7707773363878203
0.8390000000000001,4,1.708315744203259,7984.975555584159,0.995954356846473,0,1.0718361701115888
1.2,15,1.427996660722633,6525.7831641157045,0.9952950048411993,5,1.8085347846440063
1.2,15,1.427996660722633,3422.37772830086,1.0197278242971537,6,1.7515946368096982
0.6,11,1.9634954084936207,3034.5957009056438,1.0227321827705895,2,1.6558551726513833
1.2,11,1.427996660722633,2488.974311195735,1.0227040523540174,3,1.9996430785310209
0.863,15,1.6863084560331687,5939.39905185944,0.9926324373477564,14,1.46177652449955
1.402,4,1.307907016482012,2319.8701257826892,1.0227127632125885,2,1.8500180719010848
0.716,8,1.8307649496444016,2770.1425987961775,0.995954356846473,0,1.1083620458083823
0.324,15,2.3728041190255236,1969.8939997444086,0.9934331857792552,4,1.406321930831924
1.2,8,1.427996660722633,2987.706487707743,1.0228215767634854,0,0.9835246552065111
1.2,11,1.427996660722633,6809.83016524793,1.0228975295671272,5,1.7707585844377751
1.2,11,1.427996660722633,2074.464191742528,1.0211867630089602,6,1.921126531138327
1.2,4,1.427996660722633,7583.550366845227,1.0309241493775934,0,0.9880562021874726
1.2,8,1.427996660722633,2225.809924311242,0.9906937145233398,7,1.873804320268142
0.6,15,1.9634954084936205,2782.9699441870252,1.0218001756983597,2,1.664435243597539
1.2,15,1.427996660722633,2176.9874520973494,1.0126384638347012,13,1.8359688235202927
1.2,11,1.427996660722633,5753.698956862679,1.0203586508530806,8,1.7593137172522526
1.2,11,1.427996660722633,2469.253951520257,1.022109597517995,2,1.9026026877083124
0.6,15,1.9634954084936205,1574.5026238770329,1.0172373641713979,10,1.665378631226552
1.2,11,1.427996660722633,2332.5869307123126,1.0213048034362109,3,2.0027171740944207
0.6,11,1.9634954084936205,3210.255863258213,1.0228215767634854,1,1.7222796811951766
1.2,4,1.427996660722633,2555.505315093818,1.0209116764331463,3,1.762254298702628
1.2,15,1.427996660722633,6294.774406100656,0.9957322848929874,10,1.7197296819230268
0.6,11,1.9634954084936205,4335.030283485697,1.0212988689064921,5,1.7260448735242055
0.6,11,1.9634954084936203,2715.256134604043,1.0228215767634854,0,0.890030094439697
1.084,11,1.5074820794576744,7337.022750069485,0.995954356846473,0,0.8188548476998411
0.6,15,1.9634954084936205,1415.8249334995187,1.0224203379436345,4,1.7578633290533014
1.2,11,1.427996660722633,2254.01242938338,1.0221265351954452,9,1.9161407928013159
0.6,4,1.9634954084936205,2712.2891514862113,1.0062344935830723,2,1.654506433434434
1.2,11,1.427996660722633,3625.0838294485034,0.9943209336004619,4,1.8818429966736985
1.2,15,1.427996660722633,658.1622427031452,0.9915991745009157,12,1.940964005971814
1.2,11,1.4279966607226333,1841.9293662826224,0.9886175661852442,9,2.0033195971979616
0.6,15,1.9634954084936207,1810.6537617285746,1.021884553600698,12,1.6291466649866961
1.2,15,1.4279966607226329,1780.204399267652,0.9894731593133392,8,1.938794901552188
0.937,11,1.6218857272017517,2626.025909337723,0.995954356846473,0,0.8493036009663121
1.2,15,1.427996660722633,6264.682487515776,1.0063551356924607,11,1.7328106584665242
1.2,8,1.427996660722633,6572.932250841655,0.9959157081656899,5,1.790074203362804
0.6,11,1.9634954084936205,2772.27095581624,1.0175123651452282,1,1.7726530648493646
1.2,11,1.427996660722633,2362.3612735504157,1.0315768403669707,5,1.9339335403343731
0.6,15,1.9634954084936205,1542.1076464265036,1.0158401430798447,10,1.7426235164761317
1.2,15,1.4279966607226333,2141.736084363105,0.9897975819449343,8,1.851847437203328
0.545,11,2.0333933032943645,1476.19882266391,1.0219931061965504,10,1.279846591499888
1.157,11,1.4564639098700942,2578.272073990405,1.021849364079776,2,1.8942550611737121
1.2,11,1.427996660722633,6610.7934920325115,1.0302278146249564,10,1.6124110628930044
0.6,15,1.9634954084936205,1389.8783798663137,0.9792339605960151,13,1.7882171312750212
1.255,8,1.3931674738757396,2431.075619208088,1.0228215767634854,1,1.895827181861437
1.2,11,1.427996660722633,1956.6128540059256,1.0156879183494982,8,1.8947347622390345
0.6,15,1.9634954084936205,1720.3272534163045,1.0152015616151415,7,1.8916449013255563
0.6,11,1.9634954084936205,1612.1956759059549,1.0166906675273968,8,1.7450431154228836
1.2,15,1.427996660722633,2265.875393407899,0.9948812052129292,3,1.9172946761055583
0.6,4,1.9634954084936205,2795.9276777064015,1.0217472240330525,2,1.6622800606278367
1.2,11,1.427996660722633,6225.3439188711045,0.9953765620311009,8,1.7072565827570605
1.2,15,1.427996660722633,2459.818534885502,1.0228215767634854,1,1.8305719737264443
0.6,15,1.9634954084936207,1864.0699457198878,1.022050986516597,10,1.768000931092511
1.2,15,1.427996660722633,1967.887589304244,1.0128647849042525,11,1.8364347785706572
1.2,4,1.427996660722633,5656.796749043655,0.9955749594211531,2,1.8039927658779757
0.6,15,1.9634954084936205,137.65359235846154,0.9352697095435684,14,1.8468955081030642
1.402,4,1.3079070164820121,6592.451264327478,0.9953654602489189,3,1.491246960731956
0.6,8,1.9634954084936207,2233.173072199917,1.021225966830801,3,1.9785657746325092
1.2,8,1.427996660722633,2405.607321519491,1.0228215767634854,0,0.9754662702704443
0.6,4,1.9634954084936205,2651.2025096854663,0.9937243983402491,0,0.8782553182200789
1.2,15,1.427996660722633,1941.0085927688885,1.006347529250124,11,1.8294436975609296
0.8390000000000001,15,1.708315744203259,2128.5018545772023,1.016500414641846,9,1.8745639242078902
1.2,15,1.427996660722633,2275.783563895307,1.0113319667789422,13,1.8293122759234768
0.324,15,2.3728041190255236,1653.969994332297,1.0199054296969705,4,1.6288164710124673
1.2,15,1.4279966607226333,5924.85744435507,0.994679743943072,5,1.757420656849521
1.2,8,1.427996660722633,2023.634566705561,1.0224561046281355,7,1.747101283049064
0.324,11,2.3728041190255236,1391.0759099572963,0.9892972682454185,9,1.3751523002594093
0.6,11,1.9634954084936207,3039.0732093491997,1.0228215767634854,0,0.8004960982502265
0.6,15,1.9634954084936205,6902.569759778106,1.021840061415946,4,1.621890237411333
0.6,11,1.9634954084936205,6204.869972712159,1.0222482288673305,7,1.698748813884422
1.2,11,1.427996660722633,2265.5183166322154,1.0009415466003495,3,1.953128069042656
1.2,15,1.427996660722633,6274.943603438967,0.9923836892336348,8,1.719770806835237
0.6,15,1.9634954084936205,2470.0720823955253,1.0304924649524412,3,1.7210436541299632
1.2,11,1.427996660722633,2160.5086924108487,0.9911663852416343,7,1.938027821047114
1.2,15,1.427996660722633,6347.710542647019,1.011504088720348,9,1.8285475408206653
1.2,15,1.4279966607226329,1896.604258575273,0.9913239791167068,6,1.9569216024380849
0.6,8,1.9634954084936205,1654.0200766890562,1.0215479746031835,7,1.5229402345310625
0.6,8,1.9634954084936205,2032.4601883809446,1.0317612223628545,4,1.82379263886975
0.79,11,1.755079694742901,2228.8735856400135,1.022550763133288,4,1.7113688102924216
0.6,8,1.9634954084936205,4448.675637077191,1.0208434378734712,7,1.4670234925512986
0.6,11,1.9634954084936205,2982.660420180075,1.0228215767634854,1,1.7697621642282562
0.6,11,1.9634954084936205,56.68303322451557,1.0228215767634854,1,3.0814387037558997
1.2,15,1.427996660722633,2495.901941953769,1.0209043713487476,3,1.8696955887118052
0.6,15,1.9634954084936205,8507.563576769166,1.0228215767634854,1,1.5554140642043743
1.01,15,1.5629814196964145,2464.673804355321,1.0225887169695875,3,1.8304460630797197
1.2,15,1.427996660722633,2444.684648309979,1.0007448962655603,1,1.85892997603766
1.2,15,1.427996660722633,1853.0261445945016,0.9897111245569414,12,1.9376224830992128
1.2,4,1.427996660722633,2455.7022458483075,1.0219817427385893,0,0.9688942842135039
1.2,11,1.427996660722633,2372.9151210013965,0.9955310020491012,3,2.0512570857624963
0.6,11,1.9634954084936205,1670.5306615340392,0.9964289307718657,7,1.8428892314983487
0.6,8,1.9634954084936205,2776.727093969589,1.013039336099585,0,0.8507709838074543
0.6,8,1.9634954084936205,38.06862225366555,1.0097424543089486,4,4.074194063340001
1.2,11,1.427996660722633,3494.2742766332226,1.0228215767634854,1,1.8772046691967454
1.2,8,1.427996660722633,2422.930946721764,0.9979165337245401,3,1.881202213173459
1.2,15,1.427996660722633,6608.850943184333,0.9858744604539873,4,1.769117061759283
0.741,11,1.8044759641526669,2046.5572385871506,0.991389963062156,8,1.7857335240907557
0.6,11,1.9634954084936205,5757.8228163240165,1.021519803778706,5,1.6740239144805822
1.2,11,1.427996660722633,2354.9583318758623,1.0189425809004018,5,1.9906982082286937
0.6,11,1.9634954084936205,1460.1326956384614,1.0220866096639374,9,1.7799306849741754
1.2,4,1.427996660722633,2427.0875263436715,1.0142708835318777,2,1.910417390000875
0.545,8,2.0333933032943645,2135.506629325883,1.0205356386262339,4,1.7338263988416158
0.6,8,1.9634954084936205,1871.7093008076085,0.9855359625364689,4,1.8916314934950058
1.4509999999999998,4,1.2817595485882471,2287.196943912536,1.0228215767634854,1,2.040619372846946
0.47100000000000003,11,2.1356850126375204,2871.638367953916,0.995954356846473,1,1.4674062932360654
0.6,11,1.9634954084936207,1932.296560812876,1.0161277106522846,10,1.4447841574706315
1.2,15,1.4279966607226333,2247.793883959467,1.0121929825525748,12,1.8129272931252667
1.2,8,1.427996660722633,2544.907278720084,1.0210145099865333,2,1.8346071253364173
0.6,4,1.9634954084936205,2795.9010704507155,1.0228215767634854,0,0.8746659792170776
1.2,8,1.427996660722633,2481.022667192902,1.0064715128642985,2,1.8579279139740086
0.6,15,1.9634954084936207,1823.9162301762922,1.0222821276052378,7,1.656628489271319
1.2,15,1.427996660722633,1891.6152853979067,1.0008216839780748,12,1.916330025246284
0.569,11,2.002289772842443,1995.2012778544292,1.0225305793782569,4,1.71966822596703
1.2,11,1.427996660722633,2248.3598398188315,1.0198752756315308,9,1.9172430966526897
1.2,15,1.427996660722633,2233.5480571978255,0.9868258040030254,12,1.9202343789888912
1.2,8,1.427996660722633,7109.124037535145,0.9953577829652028,3,1.7506173745331357
1.2,15,1.427996660722633,2037.0481188961942,1.0218013372229302,8,1.8911182400718334
1.2,15,1.427996660722633,6396.02885901583,0.9954578378274465,7,1.694412022139855
1.2,8,1.4279966607226333,2461.3255694700165,1.0228215767634854,0,0.9701864848334174
1.2,11,1.427996660722633,2537.2380097713403,1.0231027385892117,0,0.9739222717498067
0.6,11,1.9634954084936205,2618.603340548812,0.9850747499751098,2,1.9428477368989312
0.6,11,1.9634954084936207,2030.8169684468846,1.019746499226441,5,1.6631847363276322
0.6,11,1.9634954084936205,7373.752501003697,1.022411038749372,4,1.6769192524528995
1.2,11,1.427996660722633,2580.1492469204254,1.0228215767634854,0,0.946477483239633
0.6,8,1.9634954084936205,1702.8092776020285,1.0223449397236557,6,1.8338144370845975
0.6,15,1.9634954084936205,1844.0474967489022,1.0182475765314858,7,1.770890654962398
0.39799999999999996,4,2.247205045486261,2790.704405693093,1.0226914327485115,2,1.4761791930605752
0.6920000000000001,11,1.8567332468024782,2039.1459089868374,1.0224650263531023,5,1.8658299852485905
1.2,15,1.427996660722633,2171.017102371835,1.0023059526985307,12,1.9022856822585605
1.2,15,1.427996660722633,2326.6186571507496,0.994421481041042,4,1.8831943594909455
1.329,15,1.348901955169512,1999.5578694474254,1.0220525354563057,8,1.9252329760882338
0.8390000000000001,15,1.7083157442032588,1949.1415219087191,1.0222600504210797,7,1.9220331095931689
1.2,15,1.427996660722633,2064.3437306587625,0.9750230992633359,12,1.956892746508729
1.402,11,1.3079070164820121,2106.0129767731537,0.9899256611638614,8,1.96809563583161
0.6,15,1.9634954084936205,2874.949955300988,1.01967255499101,8,1.5532360378277716
0.3,15,2.41660973353061,2968.620697945693,1.0228215767634854,0,-0.5822642283934999
1.2,11,1.427996660722633,50.34651300911342,0.9513245431163679,2,3.704966205653866
1.2,4,1.427996660722633,9106.06208891782,1.0228215767634854,0,1.0023645770049068
1.2,4,1.427996660722633,6802.986566898857,0.9953421894024088,3,1.6626233062562177
1.2,11,1.427996660722633,6191.787014501129,0.9932560528723241,9,1.7994030291678476
1.182,11,1.4397766515076962,6495.7947828806255,0.9944432575543706,6,1.727370548665739
0.6,11,1.9634954084936207,2888.1988540638154,1.0228215767634854,0,0.8325749792777466
1.2,4,1.427996660722633,2489.4768857312306,1.029806804979253,1,1.8504216439111947
1.2,11,1.427996660722633,6607.823520391236,0.9954928235441394,4,1.7468025058832337
1.2,11,1.427996660722633,2458.014408957849,1.0231027385892117,1,1.8930475782308602
0.6,8,1.9634954084936207,1829.6227211471141,1.0222838846398288,7,1.545750540756111
1.2,8,1.4279966607226329,6332.2852594816995,0.9950109945493254,4,1.831421064827075
0.6,15,1.9634954084936205,1594.452964417426,1.0041716682108377,8,1.5810203832755612
0.6,15,1.9634954084936205,1721.1281117714088,1.0155208727903653,7,1.8910501096548649
1.2,11,1.427996660722633,7525.132800128685,1.029806804979253,1,1.6902593326987418
0.3,11,2.4166097335306103,2650.829306914652,1.0226667707796055,2,1.0936015137336663
1.2,15,1.427996660722633,2021.549185412147,0.9861028057626979,5,1.9389666795706508
0.6,11,1.9634954084936205,1618.8977410083298,1.017991546993725,8,1.7742906251365802
1.2,15,1.427996660722633,5832.606126869308,0.9934986586137948,9,1.7555752544822432
1.01,11,1.5629814196964145,1920.150913648224,1.0146234293559675,9,1.8066167887084008
0.716,11,1.8307649496444016,6019.674028909446,0.9945266378354806,7,1.6175884278678623
0.6,11,1.9634954084936205,2642.798460055798,0.9906621530589976,2,1.935436335066178
0.6,15,1.9634954084936205,2598.402199333737,1.0177180729738795,12,1.6182309330701543
1.2,15,1.427996660722633,3259.0469802038947,1.0163450323516692,12,1.8418910986567947
0.6,8,1.9634954084936205,2693.7957183908447,1.0225798341779775,4,1.7468354102943922
0.6,11,1.9634954084936205,1324.982237629238,1.0156260575972536,10,1.3938138201898909
1.402,8,1.307907016482012,2313.2936333612047,1.0228215767634854,0,1.2908700984315962
1.2,15,1.427996660722633,3518.157833763025,1.015657319980186,13,1.8100022304344294
1.2,8,1.427996660722633,7200.988412728268,1.0029795850622407,0,0.9978933374330771
0.6,11,1.9634954084936207,1800.8256656379187,1.0182043032674633,7,1.943485202136065
0.937,15,1.6218857272017517,2644.1016520120534,1.0218854317780472,2,1.852718301884102
1.2,15,1.427996660722633,2621.1726736616374,1.0228215767634854,1,1.763303891386397
1.2,8,1.427996660722633,2012.7856781802864,1.0216039220410507,2,1.869708635690819
0.6,15,1.9634954084936205,2630.7349782537626,0.991026744220483,2,1.6890166305127952
0.6,4,1.9634954084936207,3028.3268279528215,1.0228215767634854,0,0.8061305337515081
1.2,11,1.427996660722633,2469.253951520257,1.0228215767634854,1,1.8956121045916787
1.2,11,1.427996660722633,2244.3075962395533,0.9958731763731109,3,1.9618633376134
0.6,11,1.9634954084936205,1557.3133949226842,1.021301833373723,9,1.5701978617651458
0.6,8,1.9634954084936205,2864.85978410337,1.0301413658004939,2,1.8542602718436405
1.2,15,1.427996660722633,2423.2343921579654,0.9954793567775976,2,1.8538876855365778
1.2,15,1.427996660722633,6100.651487009262,0.9917174102818608,11,1.756752894870913
1.2,11,1.427996660722633,7880.655919666965,0.9956821237571303,2,1.7784913685250807
0.6,4,1.9634954084936205,2795.9276777064015,1.0223569156247623,2,1.6612887452070257
1.2,11,1.427996660722633,7696.511862624332,1.021653022217876,5,1.76611063192341
1.2,15,1.427996660722633,7100.453684968496,0.995954356846473,0,1.00242307679807
1.2,15,1.427996660722633,2009.8123028457806,1.0068740166815329,6,1.8762294734905842
1.2,11,1.427996660722633,6477.874067167037,1.0228215767634854,0,1.0030302626641439
1.2,15,1.427996660722633,1880.6034676035683,1.0044666378918887,14,1.7442548453869273
1.5,11,1.2566370614359172,2096.7300487449343,0.9916873333257377,6,1.9698356479001589
0.6,11,1.9634954084936207,1834.6303378431846,1.0222841818096242,7,1.5394455938601612
1.2,15,1.427996660722633,1951.3305609422541,1.0109466160487253,13,1.8789894461596375
0.6,15,1.9634954084936205,1544.355735981856,0.9867673922784845,8,1.6096426817248444
0.6,11,1.9634954084936205,1601.7264133830759,1.0221768766379724,8,1.8068383238831707
0.6,11,1.9634954084936205,7524.159406592248,1.0228215767634854,1,1.5248801652321162
0.3,8,2.41660973353061,6658.535089983362,0.9949484623030568,3,1.0699736443630032
0.6,11,1.9634954084936205,2637.946389676298,0.9897629045643154,1,1.803522376457296
1.2,15,1.427996660722633,2490.4606540552954,1.0228215767634854,0,0.9667700189911456
0.716,8,1.8307649496444016,2904.7882018437886,1.0228215767634854,1,1.889249941912931
1.2,11,1.427996660722633,6730.382154618134,1.0161812661003966,5,1.7819514422021248
0.447,11,2.1711075698616398,1485.9706913844805,1.0222090156489752,7,1.7303779514994784
1.28,15,1.3778915147323654,1963.7974986658885,1.0216083675675003,12,1.8886490965132332
0.6,15,1.9634954084936205,1512.5116927483937,1.0223103666180926,14,1.3602976525454071
1.2,15,1.427996660722633,6203.36944188886,1.0007464588423383,11,1.7419175905891198
1.2,8,1.427996660722633,2416.0960501910363,1.0182779261593478,4,1.9568540328063575
1.2,8,1.427996660722633,5333.933212756479,1.0219241413328837,3,1.8049075198590736
0.6,11,1.9634954084936205,1942.7523877346587,0.9925767977225661,4,1.8864463059573193
0.6,4,1.9634954084936205,8988.7824031171,1.022643549705446,2,1.5401745809544103
1.2,11,1.427996660722633,2281.425700676718,1.022544131675411,7,1.8777531435816448
1.2,8,1.427996660722633,2340.0675536432545,0.9938042005803186,2,1.9297993701018512
0.6,11,1.9634954084936205,1539.523894072882,1.0223689068813044,10,1.4433753909038722
1.2,15,1.427996660722633,7100.453684968496,0.9959493347246152,2,1.6953765144092563
1.2,15,1.427996660722633,2419.1544793379317,1.0157174096135173,4,1.8469110278122058
1.2,15,1.427996660722633,7817.114545585385,1.0213981142247766,6,1.6154503611648179
1.2,4,1.427996660722633,2413.992650042123,1.0228215767634854,0,0.9769533787705916
1.2,11,1.427996660722633,4932.35085439168,0.9929347733088335,9,1.8631183766304515
1.2,15,1.427996660722633,2186.195144559125,0.988111114928954,10,1.9068777602687672
1.5,15,1.2566370614359172,1951.5577601334112,1.0215311966145568,13,1.9827160916476951
0.6,11,1.9634954084936205,2827.3880968302446,1.022620474038911,2,1.8878198856523327
1.2,15,1.427996660722633,2043.077441937973,1.0160732393985867,7,1.8888940971008212
0.6,11,1.9634954084936205,3937.558189968779,1.0208961383226576,6,1.8157540197010276
1.2,15,1.427996660722633,6614.183552854281,1.0235006353751608,10,1.6678343386163361
0.6,11,1.9634954084936205,9091.22033751053,1.0224245551440545,2,1.6753549768425378
0.6,15,1.9634954084936205,1599.888439915059,1.0068086196277515,8,1.5769694351892496
1.2,8,1.427996660722633,2011.2234529031143,0.9851093800837077,5,1.9910226787857241
0.741,11,1.8044759641526666,2212.042899958436,1.022557201630341,4,1.7233465036333646
0.6,11,1.9634954084936205,1734.3218307254806,0.9972717690660938,6,1.8972133962955673
0.618,15,1.941651825457227,2223.321780324321,1.022539568891313,4,1.6412263449088456
1.4509999999999998,11,1.2817595485882471,2328.192070812206,1.020937877158885,3,2.028368473201432
0.6,15,1.9634954084936205,2445.1805135492,1.022771836018806,3,1.8053558943830657
1.2,8,1.427996660722633,2453.6707263383623,1.0228215767634854,1,1.8656874982630889
1.2,4,1.427996660722633,2802.550949299227,1.0228215767634854,0,0.9703098478060129
1.2,8,1.427996660722633,4319.851238416176,1.0228215767634854,1,1.7346208518206936
1.2,15,1.427996660722633,6265.657891246455,0.9929194088384461,10,1.724601564171984
1.2,4,1.427996660722633,7128.773203645554,1.0224730331428118,2,1.711185669233599
1.2,11,1.427996660722633,2067.161737728704,1.022372162697693,7,1.953546754991041
0.6,8,1.9634954084936205,3787.4352312680253,1.0218083071021071,3,1.847495457221572
1.2,8,1.427996660722633,2267.342820943433,1.0012835195305092,5,1.9409135965032862
0.986,11,1.5818694126836823,2145.3573477314394,1.0223670390102053,5,1.814851249609131
0.6,15,1.9634954084936205,2265.436252501155,1.022550634752265,4,1.738916144094081
1.206,11,1.4241127169491357,2465.2309116535966,1.0227082428194016,2,2.00440803356576
0.6,4,1.9634954084936205,2795.9010704507155,1.0228215767634854,1,1.8152462316960283
0.6,15,1.9634954084936205,1568.667832031119,1.023328233206341,11,1.777658477195197
1.2,15,1.427996660722633,2102.3102701165544,0.9931613154077845,13,1.872335853586134
0.6,8,1.9634954084936205,2824.631585141112,1.0227595513678107,2,1.8614447517916368
1.2,15,1.4279966607226333,2390.1011534043037,1.021798868477749,2,1.8964085371598978
1.2,15,1.427996660722633,2162.792906618975,1.0221917173802175,6,1.8294822616328466
1.2,11,1.427996660722633,6771.721667038703,0.9956248000257599,2,1.7292254946885854
1.2,8,1.4279966607226329,2353.4484952880293,0.995954356846473,0,0.9820814957299117
0.569,8,2.002289772842443,2837.5574057812228,1.0228215767634854,1,1.6619161831477614
1.2,4,1.427996660722633,2310.0114961336417,0.9877789211618258,0,0.9688942842135039
1.2,15,1.427996660722633,1953.602111845365,1.0226484215517226,10,1.8780576358820023
0.6,15,1.9634954084936205,2278.9252156041166,0.9853503748333762,3,1.7798898170470003
1.2,15,1.427996660722633,7171.6121651250005,0.995954356846473,0,0.983499486983828
1.2,8,1.427996660722633,231.8608012323333,0.9695006390935166,4,2.306672381682234
1.2,4,1.427996660722633,2553.4385061652747,1.0228215767634854,0,0.9503527279745758
0.937,8,1.6218857272017517,2652.2704046007943,1.0228215767634854,0,0.8560207915765783
1.2,15,1.427996660722633,7610.827059934665,1.0353971784232365,1,1.6571833081162908
0.6,11,1.9634954084936205,1510.8289952227385,1.000014482694435,9,1.6612978829335003
0.6,15,1.9634954084936205,4301.348772523955,1.0222419122411808,11,1.6678841728083758
0.6,11,1.9634954084936205,2827.3880968302446,1.0228215767634854,0,0.8484784096970287
0.6,15,1.9634954084936205,1363.8422294137354,1.012484536933766,13,1.792263161666066
1.2,15,1.427996660722633,2436.969140657683,1.019314429036966,5,1.8423215831643702
1.2,8,1.427996660722633,6704.971945990101,0.995954356846473,0,1.03249888770875
1.2,15,1.427996660722633,2374.638968701839,1.0211103412168925,3,1.8216556159367527
0.937,15,1.6218857272017517,2180.481524222154,1.016523626355499,8,1.902836111931267
0.6,8,1.9634954084936205,2667.8433705123775,0.9906608060326696,2,1.896429876076096
1.2,11,1.427996660722633,197.23499944357073,0.9670227050077835,7,2.3324983786158495
1.157,11,1.4564639098700942,6274.737192772174,0.9938402330314364,8,1.746394265633086
1.2,15,1.427996660722633,5313.439745730258,1.0228215767634854,0,0.9822799763219119
1.2,8,1.427996660722633,2403.2270022179473,1.0323031691478244,3,1.8611510525875534
0.6,4,1.9634954084936205,2248.466958035934,0.9895888820210903,3,1.6848971427919714
0.594,4,1.9708862318631075,3014.682945187778,1.0228215767634854,1,1.6795580246226993
1.2,15,1.427996660722633,7986.103539901134,0.9944978739534222,7,1.6295714394618332
1.2,11,1.427996660722633,2535.9730079650753,1.0228215767634854,1,1.878733714809034
1.2,8,1.427996660722633,3509.544938838448,1.0190506685289893,7,1.7185497631558166
1.2,8,1.427996660722633,4918.062043685656,1.020658396935662,6,1.8141756712900694
0.765,15,1.779939180504132,2741.443201408367,0.995954356846473,1,1.9651592466477337
0.6,11,1.9634954084936205,2677.00801908395,0.9976891286307054,0,0.8728248386187437
0.6,15,1.9634954084936205,1531.6709905275852,1.001480017452689,10,1.6909276114190492
0.6,11,1.9634954084936205,2037.137818004736,1.0222968324271788,4,1.854103233318455
1.2,15,1.427996660722633,1917.541224623277,1.0081264123081084,10,1.9015545210504012
1.2,8,1.427996660722633,7533.9850684068415,0.9956719126115173,2,1.6851825751701546
1.2,11,1.427996660722633,4900.429015615282,0.993997538130753,6,1.8207105345861574
0.863,15,1.6863084560331687,2111.643400112168,1.0122451029788053,14,1.613628209760755
0.6,11,1.9634954084936205,2827.3880968302446,1.0228215767634854,1,1.7185580045556754
1.2,8,1.427996660722633,6448.034184339792,0.9939957410874508,6,1.7642023257907002
0.6920000000000001,15,1.8567332468024782,2769.2966914508565,1.0227275968255298,2,1.8388697331895278
1.329,8,1.3489019551695118,2281.406288962863,1.0180550370225387,6,1.8649949940429276
1.2,11,1.427996660722633,7821.78754271048,1.021926485262925,4,1.7068085204892334
0.6,15,1.9634954084936205,1514.39668241873,0.9953247137181876,10,1.7011025525082164
1.2,8,1.427996660722633,2309.9539675456035,1.020583589094039,6,1.8596310363414557
1.2,11,1.427996660722633,2422.98508590324,0.995954356846473,0,0.9452993449194113
0.6,15,1.9634954084936205,1777.8088114922718,1.0221757575779755,9,1.7041908971916535
1.2,15,1.427996660722633,2507.6062501358338,1.0310548588218371,2,1.8182768148702098
0.6,8,1.9634954084936205,3794.9370969323995,1.0226567351666704,3,1.8445647460803682
1.2,15,1.427996660722633,7078.376539483194,1.0212863876331246,6,1.6134271185827156
1.1079999999999999,8,1.4903190956308319,7337.044170279731,0.995954356846473,1,1.6534160525611723
0.594,15,1.9708862318631075,2409.8423941643573,1.0226259779977767,3,1.7552991438906937
0.6,15,1.9634954084936205,2616.271789332973,0.988772531120332,0,0.8877000154240308
1.5,15,1.2566370614359172,2053.433523108937,0.9874215113032444,11,1.955303173645378
0.6,8,1.9634954084936205,6073.212539490311,1.0228215767634854,0,0.8833795863444357
1.2,15,1.427996660722633,2090.1836215259545,0.9775837023566393,8,1.899482838050395
1.2,15,1.4279966607226333,6953.069311163704,0.9950620606742255,4,1.712948204493283
1.2,11,1.4279966607226333,6172.602205541616,0.9932533041191823,10,1.583465222856924
0.6,11,1.9634954084936205,1620.397420425578,1.0200771607809955,8,1.7392498509867957
1.2,11,1.427996660722633,2236.2663520138867,1.016958114925538,9,1.925879070876058
0.986,8,1.5818694126836823,2150.4946893549595,1.0223657350000412,5,1.9057473508669858
0.6,11,1.9634954084936205,1538.6884415415936,1.0189370209264665,10,1.4574991284874361
1.2,4,1.427996660722633,2299.6014639656883,1.0228215767634854,0,0.94793971514985
1.2,11,1.427996660722633,2108.9422857069744,0.9863070908018466,8,1.873485559601023
1.2,4,1.4279966607226333,2487.023161432181,1.0228215767634854,1,1.8862489264800035
1.2,11,1.427996660722633,6420.139917058604,0.9938067554052856,6,1.7646832990474177
1.2,15,1.4279966607226333,6282.690560311771,0.9929831548479074,11,1.748774290826943
0.6,11,1.9634954084936205,2129.7857060468464,1.0210840245564086,3,1.8300609106862888
1.2,11,1.427996660722633,6668.881266753466,1.0228215767634854,0,1.0050034387814697
1.2,11,1.427996660722633,2135.942247026307,0.9943067952994431,8,1.8584124142416887
1.2,4,1.427996660722633,2293.0811543115933,0.9838174273858921,0,0.968894284213504
1.329,4,1.3489019551695118,2333.7200380682234,0.995954356846473,1,1.9901339869642722
1.2,15,1.427996660722633,6132.839733942601,0.9942824693005053,14,1.7666138599082326
1.2,15,1.427996660722633,2199.419233524594,1.0008757362507146,10,1.8313358121546643
1.2,15,1.4279966607226333,6207.632559603612,0.9941389500631548,7,1.7601955295692548
1.2,15,1.427996660722633,2225.6660778527284,1.021888799246004,14,1.8790728093787488
1.0590000000000002,15,1.525785650116461,2212.8410514645807,1.0159384354655814,8,1.9035710991299963
1.2,11,1.427996660722633,8745.531661850982,1.0215333281094947,6,1.6240800757316536
1.2,15,1.427996660722633,1400.8911259587837,0.9852927596465697,9,2.045677005016453
0.6,15,1.9634954084936205,2789.8051615327504,1.0228215767634854,0,0.8877375745507526
0.6,8,1.9634954084936205,2782.1803844042765,1.0141603319502075,0,0.8507709838074542
1.2,11,1.427996660722633,6328.811157321894,0.9930174578202072,7,1.7950965161203962
0.6,15,1.9634954084936205,2042.7062186677986,1.0190436107217862,6,1.7611982515121778
1.2,11,1.427996660722633,2535.9730079650753,1.0228215767634854,0,0.9739482866987862
1.2,4,1.427996660722633,2438.505872531229,0.9966987551867219,0,0.9502616756531481
1.2,15,1.427996660722633,5185.5719576445645,0.993381972177699,9,1.8799194549286908
0.6,15,1.9634954084936207,1497.3344771258198,1.0128476314242196,14,1.2753405785861949
1.2,15,1.4279966607226329,2380.4949376553664,1.0189635080796065,5,1.8981101444278767
1.2,11,1.427996660722633,2244.3687796450627,1.0047913307208083,6,1.9079676617693484
1.2,11,1.427996660722633,2173.184978755474,0.9949517849060051,7,1.9306543885103542
0.6,11,1.9634954084936205,1436.9055404433534,0.9803663665598983,10,1.5256062173084457
1.2,8,1.427996660722633,2427.1586307244456,1.0221994133066015,4,1.9493469086202084
0.618,11,1.941651825457227,2895.440108793478,0.995273205275232,2,1.7915960625389675
0.6,8,1.9634954084936205,2394.7581185472122,1.0329669219584996,3,1.9002277443604139
1.2,8,1.427996660722633,2300.5095987348204,1.017653609835174,6,1.8649851964534647
0.6,11,1.9634954084936205,1494.0472928797572,0.994030416293261,9,1.6716904031417683
1.157,15,1.4564639098700942,7205.62085209502,0.995954356846473,1,1.6933822676190518
1.2,15,1.427996660722633,2389.5042492644025,0.9950589567649751,2,1.9853293297792491
0.6,15,1.9634954084936205,5113.287310455043,1.0207629342387652,8,1.4974571116416306
0.6,15,1.9634954084936205,2685.3176774997096,1.0029795850622407,1,1.7785399601324359
1.2,15,1.4279966607226333,2235.8564023738977,1.0188781497911423,5,1.9161683354657038
0.6,11,1.9634954084936205,2984.55715617102,1.0220755364985397,2,1.8901274264392756
1.2,11,1.427996660722633,8774.680933229289,1.0222513097720451,3,1.6365843824726254
0.6,4,1.9634954084936205,2795.9010704507155,1.0227965590421906,2,1.6604165008046592
1.5,4,1.2566370614359172,6456.050455012376,0.995954356846473,1,1.954423289816441
1.2,4,1.427996660722633,2553.4385061652747,1.0228215767634854,0,0.9503527279745758
1.2,15,1.427996660722633,6049.232496857321,0.986846641661256,14,1.782807225407228
0.6,15,1.9634954084936205,1411.5728802358997,0.9956516673431921,14,1.264213381951556
1.01,4,1.5629814196964145,2434.9616465949343,1.020768545998435,3,1.768166900008619
1.2,15,1.427996660722633,2017.1353249894964,0.9897177516546257,8,1.9283777848664911
1.28,15,1.3778915147323654,6059.197105121446,0.9929906059379996,11,1.7900208984530392
0.6,11,1.9634954084936205,2821.418723692203,1.0275721161825726,1,1.7618740642996595
0.6,11,1.9634954084936205,1626.3023771574105,1.022132881598428,9,1.583543316208581
0.6,15,1.9634954084936205,2211.3908224934426,1.022398464602958,6,1.7022435546205954
1.157,15,1.4564639098700942,2107.5267874568676,1.0222584075525027,6,1.930423151714715
1.2,4,1.427996660722633,2410.3348445278393,1.0218018559445492,2,1.9009492856151746
1.2,11,1.427996660722633,2357.532367345268,1.0198810540099499,4,1.8839996407854114
1.2,8,1.427996660722633,2539.1775500138656,1.024527949263625,3,1.8373241835193002
0.6,4,1.9634954084936205,7439.495118997472,1.0224276214324555,2,1.574236773024202
1.2,8,1.427996660722633,6459.487593616752,0.9951921749840158,6,1.7620813771779273
0.8390000000000001,15,1.7083157442032588,1771.076164942615,1.0219853600051345,10,1.7496848862884298
0.594,11,1.9708862318631075,1687.2452966796352,1.018142536173841,7,1.8225646811483704
1.255,15,1.39316747387574,6086.157782387434,0.9929785060244704,11,1.7893950390357576
0.6,4,1.9634954084936205,2696.373359257829,1.0028785186761142,2,1.6587259232261033
1.2,15,1.427996660722633,1707.2874933985454,0.9820104758844475,14,1.9762993511814804
1.2,11,1.427996660722633,2401.006368069792,1.0096873029045643,0,0.9723823216108977
0.716,15,1.8307649496444016,8212.790765006788,0.995954356846473,1,1.489487755836473
1.2,15,1.427996660722633,6398.128986466711,0.9959363527199656,6,1.7106966816889082
0.6,15,1.9634954084936205,1909.5871610901397,1.0182618250958797,7,1.9849884994888571
1.2,8,1.427996660722633,2484.7777769928944,1.0276958433054433,2,1.8753476843552663
1.2,11,1.427996660722633,4840.919238086557,1.021428947208195,4,1.8364288636400878
1.2,15,1.427996660722633,2469.3545753235812,1.0215170386082417,2,1.8837651199327445
0.6,11,1.9634954084936205,1335.5879518012382,1.0175799406850392,6,1.8894774984517457
0.6,15,1.9634954084936205,2053.1382421545914,1.0226993337723258,2,1.6663062900049819
1.2,15,1.427996660722633,8581.773431429694,1.0219965027267952,4,1.6553507206939353
1.2,4,1.427996660722633,2967.7011825495047,0.995954356846473,1,1.8648897670911095
1.2,8,1.427996660722633,6898.512035543387,1.0228976294926357,5,1.7451372194297983
0.6,11,1.9634954084936205,1738.2585837343654,1.0189046903798575,6,1.7084854154451488
0.6,11,1.9634954084936205,4820.847257784114,1.0216793050914812,4,1.7773671862617353
1.2,11,1.427996660722633,2368.7936533708776,0.9936557466396436,3,2.0551282765237566
0.6,8,1.9634954084936205,2892.9106437845894,1.0365145228215769,1,1.7715296818621773
1.2,15,1.4279966607226333,5317.965489257465,0.9919065247744951,14,1.6810504678116265
1.2,15,1.427996660722633,2367.721363153763,0.9942041615433995,3,1.8764015029847076
1.2,8,1.427996660722633,2033.285350835866,0.9905865002131788,7,1.8112474767643112
1.2,15,1.427996660722633,6644.369188849764,1.016640739825643,7,1.662209687155657
1.2,8,1.427996660722633,8209.29623307673,0.9949791351108873,5,1.7127704651742979
1.2,15,1.427996660722633,1934.032166608149,1.0177338930820194,14,1.700348041139228
0.8140000000000001,15,1.731859235716534,1985.9433081635048,1.022364474381896,6,1.8587733011138334
1.2,4,1.427996660722633,2305.641920239059,1.0110214114654825,3,1.8605305954095372
1.2,8,1.4279966607226333,2442.9678934326416,1.0228215767634854,1,1.8696805368529987
1.2,11,1.427996660722633,2313.225504632603,1.019703090557586,5,1.9574774257300531
1.2,15,1.4279966607226333,2074.961705711313,0.987120900082704,11,1.8979551016258365
0.6,8,1.9634954084936205,2824.4932274115417,1.0228215767634854,1,1.785922578972721
1.2,15,1.427996660722633,6178.296849659645,0.9957327070524338,12,1.7737122575683606
0.6,15,1.9634954084936205,7478.609409611388,1.021604631931816,5,1.686286253625063
1.2,8,1.427996660722633,2353.51726152797,1.0220368701009082,3,1.8860293065814044
0.3,8,2.41660973353061,6658.535089983362,0.9949484623030568,3,1.0699736443630032
1.2309999999999999,11,1.4081544839039863,2451.6182453970882,1.0227094371588332,2,1.8987203126662002
1.2,8,1.427996660722633,7740.752659272954,0.9951561513161342,4,1.7407497609951783
1.2,8,1.427996660722633,2322.0266651774787,1.0170706683203694,7,1.8503733666144992
1.2,15,1.427996660722633,2211.061996198959,1.010300941879996,14,1.8214571613180108
1.2,15,1.427996660722633,4694.443199596089,1.0195881249266214,8,1.736164656278244
1.1079999999999999,15,1.4903190956308319,7322.409685297563,0.995954356846473,0,0.8415917248844762
1.2,11,1.427996660722633,2477.2689340308175,1.0275721161825726,0,0.9723823216108977
0.8390000000000001,15,1.708315744203259,2723.3840724687384,0.995954356846473,1,1.8912180958400107
1.2,15,1.427996660722633,6374.220034531076,1.0189040713496555,13,1.728086819334312
1.2,15,1.427996660722633,5277.4081621015575,0.993695235308957,8,1.743864576326726
1.2,11,1.427996660722633,2205.0205057533753,1.0098954489584093,10,1.7281538515833337
1.2,11,1.427996660722633,6903.554508645459,1.0307324205317305,5,1.757885841103512
0.6,8,1.9634954084936205,1791.2010990958665,1.0293466540915366,6,1.7389611470096993
1.2,8,1.427996660722633,916.2738430240191,1.0133139864304581,5,1.9522256985571462
1.2,15,1.427996660722633,1992.6156692515106,0.9844451896252668,14,1.908449219952548
0.6,15,1.9634954084936205,1811.2642063489827,0.998125606278022,6,1.7967474804878676
0.6,15,1.9634954084936205,2482.8026310079617,1.0222011324868485,11,1.6895124062137203
1.2,11,1.427996660722633,2160.5086924108487,0.9911663852416343,7,1.938027821047114
1.2,11,1.427996660722633,6675.138746492974,1.0008452636205785,4,1.7370807144512888
0.42200000000000004,11,2.2092775341700372,4915.64103064676,0.9938504246478015,8,1.2905298279675779
1.2,15,1.427996660722633,2149.364651344672,0.9931031729956077,8,1.868285943371199
1.2,15,1.427996660722633,2144.8244794341713,0.9939993999970845,3,1.922477303654785
1.2,8,1.427996660722633,2600.1075943035435,1.0342798340248962,1,1.7643988499617416
1.329,15,1.3489019551695118,2080.6449152103783,0.9881470427234641,10,1.939302781718274
1.4269999999999998,15,1.294434550304818,2096.983619539124,1.0223869547473385,5,1.974922919352677
0.79,15,1.755079694742901,2147.910632571204,1.0225499306952073,4,1.9150865886227002
1.2,15,1.427996660722633,2303.217621598517,1.0205159221110904,6,1.840983230540573
1.2,15,1.427996660722633,7079.790927529486,1.0243440784583175,4,1.7074597196647672
1.2,15,1.427996660722633,5722.617544419598,0.9946476584645048,5,1.7824082976825217
1.2,15,1.427996660722633,6556.688714404868,0.9953056286291024,3,1.790543173187937
1.2,11,1.4279966607226333,2153.070114768395,0.98808812962569,10,1.868191464711803
1.2,8,1.427996660722633,6606.339439830586,1.0155195799791021,7,1.6084983615167752
1.2,8,1.4279966607226333,2547.1710689423294,1.0228215767634854,0,0.9597406444115281
0.6,15,1.9634954084936207,1741.3778529258898,1.0219622940934292,11,1.6058628125533847
0.594,11,1.9708862318631075,2904.3885581329905,0.995954356846473,1,1.7619462179404046
0.6,8,1.9634954084936203,1744.724063028876,1.0223446453842495,6,1.7845409453525158
1.2,15,1.427996660722633,2094.7047561456197,0.9914510793746169,13,1.8760243416089661
1.0590000000000002,11,1.525785650116461,2112.9228419733286,0.9879008506889224,10,1.8169495754837077
1.2,8,1.427996660722633,7021.5570796525235,0.9959244194428831,3,1.7033145316848615
1.2,11,1.427996660722633,2365.324242045811,1.0199015985349305,4,1.8464408306788085
1.2,11,1.427996660722633,6533.665572253003,1.023501201236917,10,1.625227249904543
0.6,15,1.9634954084936207,1975.1708409303367,1.0217416041243512,14,1.3776397639324038
1.2,15,1.427996660722633,2062.4172739799433,0.9766938945975812,9,2.066514868628168
1.2,15,1.427996660722633,2399.755501690444,0.995954356846473,0,0.9530905908172204
1.2,4,1.427996660722633,842.6392096193612,1.0198849297528814,2,1.9184893070745646
1.2,15,1.427996660722633,388.09684071939824,0.9678238338728885,12,2.0857400110198334
1.2,11,1.427996660722633,2164.751322055955,0.9924355758851123,7,1.9355493460336808
0.6,15,1.9634954084936205,5511.2681009840035,1.022098684064554,12,1.546603464159339
0.6,11,1.9634954084936205,1506.1767247813261,0.9990158648649123,9,1.6633480666227054
1.2,15,1.427996660722633,7100.453684968496,0.9959484556851178,2,1.6953780107747665
0.47100000000000003,11,2.1356850126375204,1624.1873288654829,0.9894905870736226,10,1.542131707702149
1.2,15,1.427996660722633,6993.673237061339,0.9877789211618258,0,1.0023791414017074
1.2,4,1.427996660722633,3793.740369320754,1.0215815189208775,3,1.786836812363369
0.6,11,1.9634954084936205,2421.2955557311584,1.0212454488558964,3,1.872530413015129
1.206,8,1.4241127169491357,2449.4049256202543,1.0228215767634854,1,1.9605407715363492
0.6,15,1.9634954084936205,5019.658677277517,1.0225037748844614,5,1.755137858192341
0.8390000000000001,15,1.7083157442032588,1887.3698265302532,1.0170759550421715,8,1.8416124772351983
1.2,11,1.427996660722633,4098.316702535038,1.0222236253563408,2,1.8926546434091107
1.2,15,1.4279966607226333,2235.8564023738977,1.0188781497911423,5,1.9161683354657038
0.6,15,1.9634954084936205,1852.9595965616509,0.9849174136130164,5,1.8967007220923535
0.6,11,1.9634954084936205,7874.5721202504465,1.0223675361205555,4,1.6629262015497839
0.6,8,1.9634954084936205,2705.7679758045483,1.0228215767634854,1,1.823700086945262
1.476,11,1.2688177114659909,6049.196273941131,0.9942118442849569,7,1.8486999382229083
0.6,11,1.9634954084936207,2640.8961915085247,1.0226419778340394,3,1.7959143200607335
0.6,8,1.9634954084936205,1885.5378286886369,0.9895016356891867,4,1.8855619602914706
0.888,8,1.6639791597403566,2017.1105499350847,1.0222274187758178,7,1.6533174647562372
1.3780000000000001,15,1.32110708729596,2089.928856990096,0.9890486309818661,9,1.9729246933740743
1.2,8,1.4279966607226333,1842.2470745926066,0.990429789527396,7,1.8078967391787137
1.2,11,1.427996660722633,7466.670275365417,1.0250052699678356,2,1.7960340835971007
0.373,11,2.288122835826506,1608.0971553167537,1.016734400047591,8,1.4150343874752316
0.6,8,1.9634954084936205,2831.539145460422,1.024118633904433,2,1.8600429569890207
1.2,11,1.427996660722633,2279.4912878899922,1.027758160701779,9,1.902802278059465
1.2,15,1.427996660722633,6136.034436692224,0.9916611674140504,12,1.7809947246055726
0.6,8,1.9634954084936205,1646.3023913247841,1.0183366038370376,7,1.527742895782099
1.2,11,1.427996660722633,970.6965636443248,1.0068503909866093,9,1.9712236421570175
1.2,11,1.427996660722633,6716.14401922396,1.0205860738946462,8,1.6593379316743313
1.2,11,1.427996660722633,5617.691145814581,0.995954356846473,0,0.9996247776348788
1.2,4,1.427996660722633,2553.4385061652747,1.0228215767634854,1,1.8288656345245564
0.6,8,1.9634954084936207,2249.5733915764513,1.0225544461598377,4,1.70877151257842
1.2,15,1.427996660722633,6558.417313306843,0.9947435563690479,5,1.7603719308058834
1.2,15,1.427996660722633,7149.6084509138855,0.9993689146619015,2,1.6877222381143575
1.2,15,1.427996660722633,2033.1856893073082,1.0205341018400311,8,1.8934665123566539
0.3,4,2.4166097335306103,2027.6875171524896,1.0225340337640743,3,1.3248067353700257
1.2,15,1.427996660722633,2349.916330933212,0.9870002005232441,3,1.9315455661947618
1.2,15,1.427996660722633,2838.9067163286704,0.9918920076768105,7,1.81605402808711
0.6,15,1.9634954084936205,1976.1097647477575,1.0197240018388558,5,1.8361583915536541
1.2,15,1.427996660722633,9034.734899583707,0.995954356846473,0,1.0147721060753816
1.2,11,1.427996660722633,6977.50374418347,0.9956444743371575,2,1.70833750207273
0.6,4,1.9634954084936205,2836.8827095027914,1.0320451452282158,1,1.7106754040215224
1.2,11,1.427996660722633,6061.173116091616,0.9949862726747359,4,1.804797707881523
1.2,8,1.427996660722633,3550.406305083036,0.9932349155073114,6,1.8671133922392338
0.6,15,1.9634954084936205,3815.135959422722,1.0223768213113038,8,1.5112347684809662
1.2,11,1.427996660722633,6197.392421178956,1.0220500694379393,3,1.7490085470257004
0.6,11,1.9634954084936205,2487.6987672878377,1.022636206942188,3,1.6939460301379627
1.2,8,1.427996660722633,529.7008714998548,0.9998018933897123,7,1.914425335277977
1.2,8,1.427996660722633,2112.2992561313163,0.9870176628764392,4,1.901452258041264
1.2,15,1.427996660722633,6383.076702669441,0.9943483279430535,6,1.7134287511659325
0.6,15,1.9634954084936205,1655.754375039954,1.002711115946924,7,1.959062150148488
0.6,11,1.9634954084936207,3065.988614177021,1.0228215767634854,0,0.7674209013808815
1.2,8,1.427996660722633,2263.862385336317,1.0116821683027417,7,1.7778358262063676
1.2,15,1.427996660722633,2459.818534885502,1.0219153751905925,2,1.8880154006293741
0.6,15,1.9634954084936205,5511.2681009840035,1.022098684064554,12,1.546603464159339
1.2,11,1.427996660722633,2078.1204577715425,1.0224467169048999,6,1.9187591404298627
1.1079999999999999,11,1.4903190956308319,7007.906921632973,0.9953355151116611,3,1.713661078315937
1.2,15,1.427996660722633,6211.674912049689,1.0079365869251382,13,1.7480387118217082
0.6,15,1.9634954084936205,3135.577232575882,1.0199029643124249,8,1.551483126038614
0.6,11,1.9634954084936205,4399.502876312074,1.0219058175830198,3,1.7638920184485596
1.2,15,1.427996660722633,4360.96873568674,0.9904991675373602,14,1.8542131907399562
1.2,15,1.4279966607226333,2137.830241133801,1.0111754340644648,13,1.7974792921733478
0.6,4,1.9634954084936205,2161.238448245145,1.0226158056967,3,1.5384825335939958
0.6,15,1.9634954084936205,1574.5026238770329,1.0172373641713979,10,1.665378631226552
0.6,11,1.9634954084936205,1765.184439594024,0.9864471490171305,5,1.8097409755516185
1.2,11,1.427996660722633,2003.4754147661872,1.019582183021602,8,1.9273020838104205
1.2,11,1.427996660722633,8633.101347941045,0.9957050781085003,2,1.7405560571556284
0.6,8,1.9634954084936207,2101.2529764817646,1.0204591879955744,4,1.786438364690979
1.2,8,1.427996660722633,7570.2201169588425,1.0221729078716895,3,1.7397673004778698
0.39799999999999996,11,2.247205045486261,7193.416328631354,0.9951692539499356,3,1.1999912760296663
1.2,15,1.427996660722633,4020.8144058940265,0.9949170435835083,3,1.8654852888092097
0.42200000000000004,11,2.2092775341700372,3016.307954457395,1.0228215767634854,0,0.18176918296050787
1.2,8,1.427996660722633,2461.6375036378954,1.0228215767634854,0,0.9656438221187191
0.6,15,1.9634954084936205,1920.770259635716,1.031547346120948,6,1.7477609509324805
0.6,8,1.9634954084936205,5257.857150722996,1.0210222397154687,7,1.4484551722422745
1.2,15,1.427996660722633,6307.394691055478,0.9956290473456555,8,1.7141650321205892
1.2,11,1.427996660722633,6623.959099685301,1.0113707951123692,6,1.7344105828885414
0.6,11,1.9634954084936205,4459.728422470405,1.0203825024177695,9,1.528941057276995
0.6,8,1.9634954084936205,2733.557012307546,1.0032937672598488,2,1.8829573869366827
0.6,15,1.9634954084936205,6385.468150051185,1.0218191150260247,4,1.6339953012856308
0.6,15,1.9634954084936205,237.45478281441333,1.021098441636577,3,2.184840666701515
1.2,4,1.427996660722633,2455.7858424599835,1.0228215767634854,0,0.9738077734265506
0.545,11,2.0333933032943645,1750.9134530540987,0.989747568429775,10,1.4865797179347928
0.6,15,1.9634954084936205,2342.9406829073814,1.000263650999804,3,1.759915079052413
0.6,15,1.9634954084936205,1557.1501365879155,1.0145519843146324,9,1.6880949108516734
