S,Vmfn,Rem,Dfn,colIndex,frictionFactor
0.6,0.23428204213063655,2970.574132950189,1.0220608103491642,2,6.2055049322898705
1.2,0.43143030164467344,640.0978490324032,0.9925692025341122,2,2.6830883887447827
1.2,0.42174658120765013,7109.883470015752,0.995954356846473,1,2.431821263363879
0.6,0.18430390095913007,1951.0957813421185,1.0217415512846943,14,8.39372657050007
0.6,0.20039122130955728,2278.7850140450887,1.0205520677944575,4,6.80306068287263
1.2,0.42491128244493004,2294.96773194004,0.9848078008298755,1,2.6141171106272933
0.6,0.16506479991176426,1769.4546198374303,1.0167395327067419,9,7.1936890131047
0.6,0.1520745897832611,1526.9185331024007,1.0138581921938887,10,7.941585910327025
0.6,0.18063423392178027,2030.9380249870067,1.0197531126671973,5,6.989556611896984
0.373,0.17066912981303947,5543.75017343431,0.9945377328106031,5,10.555424437914253
0.6,0.15475342030940104,1568.4758218296197,1.018009875254611,9,7.027907111541086
0.6,0.1877110853606791,2026.177503187036,1.0225374431394259,4,5.874272726721933
1.2,0.37709367294100865,2157.853544637474,0.996650620512734,9,2.9426772783539277
0.6,0.14432491200560707,1461.8819118300814,1.007489128951465,13,7.754815454144431
1.2,0.3687761284705985,2114.7594752446926,0.9923602685969822,5,3.0211908603560325
1.2,0.37637452176725866,6468.536634711303,0.9941754128112791,7,2.728718291395656
1.2,0.38212466307419235,2247.5315343721236,1.0243816815130933,9,2.67413230538356
0.6,0.15887011247213328,6926.151739702505,1.0221597427915676,7,5.848236782205097
1.2,0.37330914286325795,2106.0594776846506,0.9946309988622802,13,2.8839189125366986
0.6,0.1527228153325656,1594.2406206067815,1.0221760343880313,8,6.045748524015244
1.2,0.3799334329555285,1964.1430861901554,0.9910668127209836,6,2.893555720291549
1.2,0.3996733176520068,2372.439524944152,0.993339259152789,4,2.8485570972351564
0.618,0.18284833616017074,5657.221785861233,0.9941977263379828,8,6.3638777027099
1.2,0.37600307749276146,2231.8681371073126,1.0201025630088387,4,2.8747641077378985
1.2,0.37864738523943253,2284.625981095701,1.015138687631718,9,2.874982447793894
0.6,0.19057903651908437,2265.436252501155,1.022550634752265,4,6.2554034198350665
1.2,0.36889174560343385,2207.2944301636962,1.0102609706707955,14,3.183871691766846
1.2,0.3449130202362562,1879.6504746078135,0.9955183689119202,10,2.8121605098315317
1.2,0.43512082575139455,445.344783089559,0.995954356846473,1,2.9178949918950243
1.2,0.36040636221692246,7300.211381083029,0.9926895975889631,14,3.0758093845113597
1.2,0.38738339857171217,2388.2230762030867,1.0311835910437375,3,2.69329364220663
0.545,0.16510895082474242,1761.256333045852,1.0152489716462125,11,9.12436438612029
0.6,0.17189753139810607,1935.0372572557148,1.0218909073080702,12,7.682124391188799
0.6,0.14011266011066037,5512.8980861170885,1.022006816630676,14,8.517951568743785
1.2,0.41149306797665236,2489.5222240883386,1.0201750905799238,3,2.5471321483652134
1.2,0.35680740357780155,2174.6280295636334,1.0269585385427724,5,2.8709544392034423
1.329,0.3907185202574517,2116.3471498822573,0.9907489137254555,7,2.464541901872679
0.6,0.2753002753350639,2672.749637179855,0.9917436514522823,1,4.843505053905839
1.2,0.3423811461155939,1919.4755520652268,0.9851626259776985,13,2.9550356322151914
0.961,0.3108751379519432,2252.0119010359363,1.0162954617132824,8,4.018348174600506
1.2,0.3363562254368752,1807.2213751270515,0.985904684301718,12,2.702364541846404
0.6,0.20392579223192242,7487.103263263887,1.0225501196608906,3,5.937661641524432
1.2,0.3632850265111418,5936.662695436845,1.0182141375602722,14,3.0669864548349137
1.2,0.3684515206085625,2086.652943961996,0.9906280324564545,7,2.9515925237039293
1.2,0.37532863742274303,6382.723404481848,0.9952937463646785,3,2.4214085071796934
1.2,0.3857980773350117,2348.2198998806116,1.020828272157351,3,2.7786396050322546
0.6,0.16036885072692614,1595.6877649562598,1.0004644289039497,7,8.35733791778816
0.6,0.1444447203021295,1502.0567913841674,1.030902838743764,14,9.057648156655059
1.0590000000000002,0.31649414654105934,1883.6444758349796,1.0116318371043003,12,3.4045176713608876
0.618,0.2437737542424597,3057.5281506649603,1.022072176103391,2,5.3060627338395
1.2,0.36483299555163456,6055.742097548309,0.9938614215964933,13,2.6378552689012036
0.6,0.2725000805604987,2795.9010704507155,1.0228215767634854,1,4.671791821804697
1.2,0.39899476328709194,6912.390450195212,0.9959444953877263,3,2.4344462991339184
1.2,0.40582690254958514,4445.291467855791,0.9950054612569686,3,2.45569161858712
1.2,0.3404296132052402,4049.62137621189,1.0198324653430206,7,2.996093856272095
1.2,0.38899873709270594,2360.9841240084975,1.021137033531776,4,2.832446036334192
1.2,0.37686469839007525,2299.7147540795077,1.020675060984971,7,3.089489592282049
1.157,0.4158800932937457,2452.4680181628605,0.9950701347326475,2,2.653499049638998
1.2,0.34238688614897467,1979.9035407918257,1.0103640772315066,7,3.2116052226838576
1.476,0.4018955066071972,2164.723392238135,1.0208848517028462,3,2.225097216915714
1.2,0.4190541945093754,2459.2498848751884,0.995082669151481,2,2.806382177518004
0.6,0.168706373751599,1784.9120381628472,1.0224342044786754,5,6.013396927113981
1.2,0.3648157272578727,7180.465217595459,0.9941027205358975,8,2.7666542883051735
0.6,0.20886942749186785,2446.079013454674,1.0248937920757004,3,5.741987142135222
0.373,0.1392748465850367,1432.8367870906802,0.9888450356046175,10,18.111121181243956
0.937,0.2650915268415072,1867.0197095863311,1.0218767534617255,10,4.569914095502391
0.6,0.18358728367246469,1960.7063268991935,0.9975423136519235,4,7.270228165520926
0.6,0.22776330910981726,2738.4187552653743,1.022719480357914,2,5.012921195237317
1.2,0.37433774681517,6400.097865844622,0.9958694949014792,7,2.3706723755879238
0.373,0.19484629988231683,6767.753603704175,0.995124586818705,3,8.64684049432381
0.6,0.2753002753350639,2771.3008457753035,1.0119219917012447,1,4.746922615954301
1.2,0.39953479092784205,2254.4492969808084,0.993306765420634,4,2.6805593870052355
0.6,0.1900390935739018,5711.880393067534,1.0225394663044303,4,5.778597540713502
0.6,0.15152234379660415,4194.770070679272,1.020496954194687,8,7.016918196246085
1.2,0.37364682622903156,7643.396366083302,1.0213637509292162,6,2.4249769008614455
0.6,0.194979444854781,2348.294792794202,1.020871455597132,3,6.86330230085572
1.2,0.42473457354216315,2455.7858424599835,1.0228215767634854,1,2.447622343152013
1.2,0.3627760159995262,2018.0992471738355,0.9923157821217432,5,2.9072946844062257
1.2,0.4241177752008944,2291.8781723897396,0.995954356846473,1,2.5629138956246726
1.2,0.3610627518699217,7381.456292818664,1.0216132110360825,5,2.3694744858845325
1.2,0.4211926684212759,7163.344618195755,1.0007448962655603,1,2.3810614788065028
1.2,0.40299034263895106,7020.870069992005,0.9958188571536128,3,2.3073668688840576
1.2,0.37475877752022335,2268.9203649254277,1.0230860738628242,8,2.957844792628158
0.6,0.1615083261704749,1714.1092749935126,1.0034946563653782,6,7.688736925251864
1.2,0.4168884823951243,2535.9730079650753,1.0225893353365003,2,2.481738869849518
1.2,0.3880780013984598,2390.5843641827396,1.031576758467752,5,2.8276328119870247
0.6,0.21700574308700357,2515.665959135358,1.0206085626511214,4,6.103544757427156
0.52,0.2642023005016057,2782.907953949216,1.0228215767634854,1,5.368205334253423
0.6,0.22926588233620074,2824.4932274115417,1.0216976683995764,2,4.802848531578489
0.937,0.29581838803933186,2025.966998976527,0.9885856626049283,10,4.105389804847841
1.2,0.36178111740542046,2127.116871247093,1.0178490087195644,6,2.8337719308736435
0.6,0.2311724784428983,8194.076890269587,1.0226650845044618,2,4.70679446160437
0.373,0.2791909769247948,2993.8064266105675,1.0228215767634854,1,8.047857768063567
0.6,0.16033773168886833,1715.5304331640439,1.0236731681382962,7,7.225110789201896
1.2,0.4488458808274367,51.13686204334839,1.0228215767634854,1,4.541187297206979
0.42200000000000004,0.20293149435984248,2537.1319563756088,1.0211458261969297,3,11.496954272661698
0.6,0.27556893636362945,2827.3880968302446,1.0228215767634854,1,4.414540972888007
1.2,0.38438281001344604,3164.6756253548283,1.0200169028211963,5,2.848013810234647
1.2,0.40811992057064717,2475.106885697982,1.0254590065847216,2,2.445333940404665
1.2,0.3375849555866648,1953.5946545763475,1.0213184418251042,10,3.28774999285444
0.6,0.19499552302444415,2351.434210009022,1.0223828327420126,3,6.849086110366112
1.2,0.3825359520799017,2333.7885786935785,1.0218944197880073,3,2.6915129169178145
0.6,0.14517127463875465,5267.579208373721,1.0221272972952806,12,6.213643042341003
1.2,0.37247934936785015,5468.171964496039,1.0204098781351771,7,2.827645583141878
1.2,0.33973707222204785,1943.2535220731934,1.0146696746935666,9,2.7972343156817328
1.2,0.36961832273067424,6357.175056427589,0.9959114669872845,7,2.7152573021912647
1.476,0.4285938337763012,2338.4991336986714,1.0228215767634854,1,2.0714023553504735
1.2,0.39267931083948404,2343.9701721594006,1.020571357353683,3,2.599887390984602
0.6,0.15483128946926297,3226.458258908633,1.0203039615103253,7,8.995372869060995
0.6,0.1504648143806271,4828.633695582992,1.0223016546408552,8,6.781409992611557
0.912,0.33333566964506617,2714.948856660836,1.0210832175292655,3,3.052318641448095
1.2,0.3865880543205554,2358.220167197735,1.022819369097929,5,2.9304423111683042
1.1079999999999999,0.33936619205565266,2034.7424861308862,1.016756389445476,7,2.9724536949443
0.6,0.16243308025142503,1734.944612752462,1.0215494575795623,7,6.8942267992624
1.2,0.38969142550540653,3263.9341307229365,1.0213696696663572,3,2.403255244693666
1.2,0.3778653816742475,6413.410664666353,0.9947396703815368,5,2.533085348479991
1.2,0.38807638890162216,2235.6897981610214,0.9943245867075946,5,2.9338166747783436
1.035,0.3209244109816354,1969.2166812384364,1.0156732390418899,8,3.235742755673038
1.2,0.42168899585374564,7020.322196413593,0.995954356846473,1,2.391333705923123
1.206,0.34485543634372245,1934.6582884043407,1.0217072873280426,11,2.5043174695764425
1.2,0.32937178996185307,3847.5747948398325,1.0168647354431515,13,2.7652847573935166
1.2,0.3689522112874731,6157.44012712136,0.9903280226021651,9,2.650931997370582
1.2,0.37712256104991043,6429.696718277096,0.9948095131489053,6,2.4996339691116933
1.157,0.3690549133553072,2196.7632507417493,1.0140793551499712,10,3.2899800038016425
1.28,0.3949029212490413,6710.739630751663,0.9950596990458579,4,2.2035279302128283
0.863,0.22983592616050455,1876.0300695022065,1.0221498486373002,8,3.9254150319673777
1.2,0.38899873709270594,2363.0085696616175,1.021872912198918,4,2.830406314379449
1.2,0.3821198255836797,2215.087531349151,1.0162031520804802,9,2.6952335267773178
0.6,0.21473951537083238,2310.629054690574,1.0227613731019218,3,5.787827589760349
0.6,0.14708726358506544,2707.4027872999404,1.019231080854662,9,7.409701292598771
0.6,0.22067914053210258,2604.8916641080004,1.0213184477980342,3,6.233388778878323
0.6,0.1580260413340712,5192.248504970972,1.0223444472366265,7,6.12391380060722
0.569,0.21749792430186568,2513.354205307435,0.9945769010540922,3,7.153014613174549
1.2,0.402503255850168,2311.220749663965,0.9941741899924181,3,2.833431161917948
1.2,0.3688765044267986,6374.864846851133,1.0084681745721493,8,2.57620461105702
1.2,0.39632170485738705,2297.9460598812116,0.9924742701437241,5,2.82181706998924
0.6,0.22985521060184128,6105.833034962088,1.0227127524290682,2,5.1286252410860325
0.447,0.15382975852703668,1687.6654925632872,0.9908031267120185,8,11.185266750077785
0.6,0.14664406597286647,3094.552150760262,1.0222101529205252,12,6.530213879793299
1.2,0.3575470598034325,4762.6366581361,1.0205868789385764,6,2.4084418093423894
1.2,0.38190370166853516,5138.191176678985,1.0206724106051963,6,2.4923616146425465
0.6,0.19303813553061028,2188.9375459739767,1.0342011193669025,4,6.192255846687121
1.2,0.3386560757044745,1947.451990070824,1.01771260910607,6,2.7541142131701934
1.2,0.4123462277471287,2532.1401283602668,1.0218445261659685,2,2.6955983160991184
1.2,0.3750361269762834,2248.8826504150325,1.0211667850058046,10,3.1175454855064846
1.2,0.37324141799608046,2134.3106019234797,1.0013306406498006,13,2.8644984132424423
1.2,0.3985159862625679,6902.362131302243,0.9953437947717867,3,2.620757062423829
0.6,0.2783108068756996,2935.6837325200077,1.0228215767634854,1,5.197286734564437
0.6,0.2383982827048884,2798.5777603727884,1.022147970962146,2,4.533153605476931
1.2,0.4089092244027403,7556.315387038703,0.9956674446212299,2,2.5651419680685845
0.6,0.24704593900888605,2910.2069965438077,1.0220642263461928,2,5.116674843899323
1.2,0.427493716604235,2478.5891090893774,1.0228215767634854,1,2.5318837798624094
1.2,0.38479634598513757,2232.573215466795,0.994125233611941,3,2.885999506473748
1.2,0.42052873559277054,7495.851116148971,1.0275721161825726,1,2.317483675827262
1.2,0.3345112916415676,1999.2096604567218,1.0181595981201985,8,3.0854770172996706
0.6,0.12860946270120002,1260.6913675133815,1.0216278393072917,14,9.659246547890012
1.2,0.39138341446116665,2258.584441563515,0.9907347163701042,7,3.1114978589671574
1.2,0.37712256104991043,6440.349969760867,0.9959257107403159,6,2.4968324695764954
0.39799999999999996,0.16525183091437443,1868.8877358702475,1.0224762304789223,4,10.11146485893331
1.2,0.38988957024787585,2283.9658383440224,0.9941567210325745,3,2.7324388250695835
1.402,0.42684109013364707,2313.2936333612047,1.0228215767634854,1,2.112723734740677
1.2,0.38045525400337205,6517.843860617011,0.995030366335302,4,2.467119961340222
1.2,0.3706936729927374,2183.2750456991453,1.0046872028863199,12,2.9680419476450086
1.2,0.36468970184699395,2062.7902048592036,0.9914621463210537,6,2.79192795403999
0.569,0.16052007863045525,1803.1959225894054,1.0223517491329372,6,7.632092806629762
1.2,0.4075120574398146,7466.670275365417,1.0250052699678356,2,2.405439682556172
1.2,0.3762471121012902,2030.8218178661507,0.9779110848251111,11,2.7949296016080223
1.304,0.360797017819792,1968.9250283999065,1.0159179755858003,8,2.407567273102096
0.6,0.2310904952676548,2618.603340548812,0.9850747499751098,2,5.481355220184663
1.2,0.37353165937777194,6164.9268007705405,0.9953638076147521,9,2.594110327328139
1.0590000000000002,0.4240475944256954,2571.844732726604,1.0228215767634854,1,2.6244721349282747
1.2,0.3935169532315459,2428.523948457358,1.0226823056042431,4,2.8479235670286926
0.863,0.26567550944326457,2217.7169235422134,1.0225302396808633,4,3.797316856634036
0.8390000000000001,0.24039922575752537,6143.187282011435,0.9941782609293254,8,4.512631835803947
1.2,0.3345112916415676,2004.9654516610256,1.0200784686433977,8,3.0796729237122644
0.47100000000000003,0.12485644938288727,1233.6099529184644,1.0153930435689662,10,9.835811180229962
0.6,0.15484379359012165,2430.3675684131217,1.022396481797928,7,9.095448109048457
1.2,0.38360067184748586,6573.101217047948,0.9959341967287996,5,2.6025398325514697
1.2,0.419441150256469,8198.827494830359,1.0228215767634854,1,2.255952984614553
1.2,0.37408263922039964,2043.5342714136261,0.9914629483734991,6,2.468992327744227
0.765,0.20855767515157791,1967.7998980090022,0.9873710693140818,14,6.066219813367604
0.6,0.27556893636362945,2827.3880968302446,1.0228215767634854,1,4.414540972888007
1.2,0.3821454422798563,8588.311236719015,1.0222414833072688,3,2.198501813349675
1.2,0.36662327217780166,6120.263282720065,0.9936789020227919,11,2.5093878114564365
1.035,0.32626426124819674,2044.230021310368,1.022132390003505,7,3.7632976736293435
0.496,0.12589477176326028,1358.0272912828245,1.013165932154877,13,10.40453705635073
1.4509999999999998,0.4094302582060643,2107.8890941524223,0.991668359633357,6,2.170279566434728
0.6,0.16704786308816613,5642.581293788908,1.0212712025348325,6,6.035496170311201
1.2,0.4189089409325857,2386.7797110460033,0.9868919345540718,2,2.657989156429445
0.6,0.2753002753350639,2643.4189620109046,0.9857981742738589,1,4.872716863699246
1.2,0.42556210288435364,2423.2343921579654,0.995954356846473,1,2.71630984055853
0.6,0.1580834950669645,5324.332792956766,1.0209854360205082,7,6.113644481092895
1.2,0.4181278859107774,2454.567782805581,0.9950834999446531,2,2.741928790709216
0.6,0.17257425610381888,1846.5339283660853,1.0121311576698675,5,6.707144458314055
0.6,0.2109909510067201,2369.666724561857,1.0212606204959978,3,5.903836527881973
1.2,0.3805648567383919,6027.658014067096,1.0209892754414094,6,2.44923909320985
1.2,0.37918024384880983,2185.6381281434647,0.990603216134146,7,2.706790987671884
0.961,0.3367609667609999,2203.4838664949525,1.016297734248739,8,3.0813396089957075
1.2,0.3649275419799635,7223.030589609461,1.0201545660586864,10,2.9471316689330402
1.2,0.3949488504232982,2435.0511193373018,1.0195552179570366,4,2.6141926744186774
1.2,0.38225932832423815,4958.791538678342,1.0205948064135804,6,2.49895045493185
0.47100000000000003,0.14605520639079728,1684.3867579855487,1.0223178705427116,6,9.603157126011459
0.937,0.34188485293142135,7355.501400487892,0.9953801767564019,3,3.151068093025133
0.6,0.2310904952676548,2729.21361074266,1.0084687068236085,2,5.354201460603781
1.2,0.3865880543205554,2243.825412634889,0.9943245826443375,5,3.014421254592635
1.2,0.37918024384880983,2310.3762015238185,1.0226643961519133,7,2.621931366614609
0.937,0.30781742274323787,2190.8818554895247,1.0200194629418649,4,3.2705824168947903
0.6,0.2720794548960845,2680.5820888739963,0.9996698755186721,1,4.906067257977872
0.863,0.25902358960141425,6097.204475828566,0.9938895683787763,9,4.1507818270835735
1.2,0.3706936729927374,2206.932672180593,1.0114542937966924,12,2.948184392233266
0.6,0.20726139662552892,2443.6659864316975,1.022632874812475,3,6.61434049093688
1.2,0.3375849555866648,1951.5990380013855,1.0206604250576339,10,3.28986959558365
1.2,0.4187751036950683,2541.0181684154086,1.022260336672502,2,2.5665351176035345
0.888,0.33748652311310395,2814.4729921162166,1.0219802354795464,2,3.4013046475913646
1.2,0.34248193411940225,2039.7476243763624,1.0226857719565823,8,2.7457032440671187
0.765,0.21701978014323048,2485.892164405372,1.0213007635184197,3,5.780869977018538
1.2,0.3918543424585347,5262.1032566608965,1.0214834082526179,4,2.6125696086767816
1.2,0.42556210288435364,2541.0181684154086,1.0228215767634854,1,2.6449584968765167
0.39799999999999996,0.12122817547503908,1289.3725027473388,1.0157250777644533,9,13.112460294315872
1.2,0.40512214416324244,7857.853241265772,1.0222112810394062,3,2.3283029376768147
1.2,0.3750565937183202,1636.7211288020628,1.0084560805171678,12,2.91624871896326
0.6,0.2195025785210856,2744.2908335651855,1.0227163932742072,2,5.809647111378912
0.6,0.1703585805941055,1685.4109690573327,0.981222707594543,6,6.4658433226206204
1.2,0.3921860477094484,7077.4954910403185,1.012366258786892,3,2.5304872183448723
0.6,0.1895018971571767,4026.8233720191247,1.0225922824977318,4,5.987602868907542
0.6,0.14298681086968218,4205.934422567375,1.0221716334728423,13,7.0134893019593045
1.2,0.33797184098741967,1971.5423571626607,1.019953869042371,9,2.843929725150963
1.2,0.3660513858201882,6406.877995069787,1.0039869771862553,8,2.798199215900395
1.2,0.3515254757984483,5989.348590634588,0.9941006756921463,7,2.71137017007343
1.2,0.34692854211934515,5796.463150642991,0.9929132671800589,11,2.812698567019323
1.2,0.42706391816954514,2469.253951520257,1.0228215767634854,1,2.431627790772222
1.2,0.42300799911644316,7131.148691212871,0.995954356846473,1,2.327645646663758
1.084,0.3467674588187122,2146.2406024800775,1.0187628970995108,5,3.1277090320366727
1.2,0.3356063513571989,1938.290989603665,1.019859834251335,11,2.736554798514276
0.6,0.2704273089708191,2756.075027984414,1.0228215767634854,1,4.549162371902877
1.2,0.37491357721662905,2147.3502056248676,0.9955768327703064,10,3.2078111063992343
1.2,0.38807638890162216,2336.979128542802,1.0186868429817426,5,2.8636534109797163
1.2,0.37635031189889395,2083.313627936732,0.9922013278669841,11,2.758036633396495
1.2,0.36818946540400843,2162.6359409565775,0.9917818203526657,10,3.045403273280313
1.2,0.3458555372322886,2015.6601691580718,1.017762882786799,6,2.7543048449698917
1.2,0.35017948102023355,2085.869042393661,1.0153346814370263,6,2.863832755120157
0.79,0.22014841893261547,1990.7677396218278,1.0131271012338163,14,5.380323253573845
1.2,0.34303275660684834,4249.451514211437,1.0194675913684579,8,2.562142150563994
1.2,0.42460654796378944,239.58560727128878,0.9783180690308784,3,3.319779315599384
1.2,0.4353629312253941,47.27996242528176,0.9352697095435684,3,5.8645079340682695
1.2,0.3826325995780234,2275.4653184687045,1.0126538194278185,6,2.7274715765805135
1.476,0.4045950321928012,2079.61100266912,0.9908230284689332,7,2.1452325862340045
1.2,0.42327558236869517,2595.0488935156523,1.032205663648367,2,2.4383928442566676
1.2,0.4277859738774643,1607.4523940144015,0.995954356846473,1,2.7875484049744483
0.6,0.17644857634201158,1878.7455918766143,1.0199863935471531,5,6.676155575236558
0.349,0.14415678721380767,1494.3259072340848,0.990275451808467,8,13.938026913844563
1.2,0.3395643869139258,5004.622297913744,1.0203880774819738,7,2.9375866866142153
0.324,0.13686262068952154,1401.6950523663352,0.9901257925483365,8,16.554181290024815
1.2,0.35330669311768437,2125.728199812602,1.0293400995714599,6,2.689249278209861
0.6,0.15191691999043505,1517.3185300965117,1.0043099519754721,11,6.734239479687037
1.084,0.41157342302059896,7378.482276317124,0.9956485167105473,2,2.5139462372388284
1.2,0.38206692710173407,6573.907785565867,1.0027483966029584,5,2.638966583394886
0.961,0.2901024280613797,2002.5506799736659,1.0170231331564745,7,4.174193109824905
1.2,0.3984061441971168,2352.270727515909,0.9941739128197545,3,2.8193581713544655
0.6,0.16295070625299424,4139.691178343573,1.0209492883497775,6,6.701709968115452
1.2,0.3705380377022216,5155.409628704652,0.9937598704019912,7,2.846696534561493
1.2,0.40751913793757555,7089.30688940144,0.9957371543074233,2,2.4760577265550814
1.2,0.42550441292651714,2541.353671585356,1.0228215767634854,1,2.6000641026206335
0.6,0.1909599310097037,2083.6942578842536,1.0223869770415406,6,6.728570753735371
1.2,0.3394069314704964,1886.2519039096837,0.9906160756170399,11,2.7320823058988384
1.2,0.39458333448991156,926.9415856371763,0.9875754045391961,5,2.977402253594686
1.2,0.3599731373298838,1058.358027012073,1.0128390859963055,6,2.753065631360386
1.2,0.37051952333428106,2227.5208558206964,1.0169896493914372,12,2.936723224466538
1.2,0.4271850662126455,2452.8444047458747,0.995954356846473,1,2.6957439880480605
0.6,0.14633260861096772,1486.2608597893804,0.9958082539145735,12,6.8786761651630695
1.2,0.36474203838809033,6334.858237720823,1.0191603508014222,13,2.570704396792444
1.2,0.3935169532315459,2312.8328201744944,0.9947318024464853,4,2.927946037867078
1.2,0.39002914274373146,6712.603757789936,0.9944737926293165,6,2.4641340536610445
1.2,0.3727276035295907,1600.984740960702,1.0174251163006105,5,2.456433233691121
1.2,0.37829411110250705,6461.672990779627,0.9951958425521213,6,2.513445963876619
1.2,0.36897776240417396,2224.261812484676,1.0198124381918638,4,2.6455032346824967
0.8140000000000001,0.2662952136148161,2628.643922512479,1.02128336138007,3,4.316927662358684
0.6,0.17644857634201158,1872.6696317255055,1.017515380753175,5,6.692368466120612
0.6,0.17235595998369607,1812.5299514743958,1.0182300515044698,7,8.143398834276368
1.2,0.4211926684212759,7596.022791395785,1.0342798340248962,1,2.3038592112323615
1.2,0.40977454880126823,7131.148691212871,0.9959483860779994,2,2.567489282889842
1.2,0.3577618993935046,1924.6445871268606,0.983195979727662,6,2.692867582058077
0.6,0.16046168919046513,1640.8270079935305,1.0161384210680253,7,8.237721905924523
1.2,0.38816552382663505,6979.4479859247,1.0221264284984675,3,2.211526499429505
1.2,0.4229268301075711,6901.275271331272,0.995954356846473,1,2.244382289433238
0.79,0.19685761633091312,1847.3686786499668,1.0222013668820638,8,4.710594486036603
1.2,0.42629194549654637,2559.2036610783484,1.0228215767634854,1,2.559979823838619
0.6,0.1450959153837249,1498.7066532652634,1.02208475156389,9,6.841516898656279
1.2,0.3731782207277468,3808.179534930441,0.9929826768938076,7,2.9254795360266463
0.6,0.14919867201608863,1483.5462069046193,1.0200154946693718,11,7.785332806663531
1.2,0.3350112153096361,6706.277073413775,1.0206818541269607,8,2.579641007899954
1.2,0.39413615750743913,2375.1082876288606,1.020834874306709,3,2.4484600070827534
0.3,0.2881355135822971,2888.007809667746,0.995954356846473,1,7.020993257105964
0.79,0.27957701924687256,2736.828626509579,0.9952734059825248,2,4.086399947949074
0.6,0.2720794548960845,2675.6675033182732,0.9986795020746888,1,4.91093252127466
1.2,0.3910585771259882,2213.636755358702,0.9932666723644997,4,2.4309983495079868
1.2,0.3528515338226787,2050.480735404632,1.0185556827706088,7,2.5721118652026522
1.2,0.33753081728509254,3355.473802326177,1.018106602155759,9,2.709424726085771
1.2,0.37918024384880983,2203.300761323253,0.9958113628985047,7,2.6926343258286156
1.2,0.36898531272109697,7692.290467122201,1.0219087454640008,4,2.402551430541173
0.6,0.20796172591578152,2362.196999588438,1.022557194795233,4,6.699472051189577
0.6,0.19303813553061028,2089.5567304728106,1.008284236844433,4,6.351421250115347
0.6,0.14877333119762265,3271.9228955549097,1.0194573947402032,10,7.751969508381577
1.2,0.3359704787932035,1918.0048854188353,1.0154999788432817,12,2.9337611407175905
1.01,0.3016977558761441,1827.9397527376502,1.0105289466035745,13,3.66344846886936
1.2,0.42609300109529674,2376.9385984445694,0.995954356846473,1,2.6836497876730276
1.2,0.3623194188465051,6084.005853708079,0.9896133708734124,14,3.1297741394214866
1.2,0.37734683494450544,2151.736248632235,0.9959311885711379,9,2.940085833110047
1.2,0.3768937233331514,2192.346829355034,0.9943893752393584,7,3.170877203251867
1.476,0.40438482089638517,2128.554641938047,1.014365069056649,10,2.3546627805312244
0.349,0.19348956512767443,2375.7777458935057,1.0210138595686475,3,11.863107772154313
1.2,0.40299034263895106,7020.769922465923,0.9958034682238163,3,2.307402526428838
1.5,0.40238613298404746,6154.604664362179,0.9945067400675742,6,2.034986501073703
0.6,0.27576841580295464,7074.869287068238,1.0228215767634854,1,3.7210325231478447
1.2,0.35658958906140437,7410.065461656908,1.021347699669802,6,2.2763279954740034
1.2,0.3338138269571619,1834.5846190970412,0.9909112153339552,14,3.281351843105947
1.2,0.33866930567182535,1933.660006005709,1.0226668885399606,9,2.7829331462832276
0.6920000000000001,0.21410773498665012,2387.4244395064534,1.0212990958595611,3,5.1999780964348
1.2,0.3396666400094113,1840.7925842768873,0.9894331882630043,9,2.9518939388118506
1.2,0.35066529560069426,2008.6772273135873,0.9896921991173427,8,2.996537715748828
0.6,0.15272640031859605,3227.8063702864174,1.0223445940429987,9,6.567595909396581
0.6,0.14865569681875948,5020.413721593684,1.0221850652380187,11,6.480502472419596
1.2,0.3872540155144672,2305.115466178528,1.017024135068161,5,2.875195112701403
1.2,0.3922499465944249,2313.7008531543624,0.993323463576967,4,2.906666902876409
0.6,0.1509999570312648,4083.831322986678,1.0223670876525122,8,7.0383235756988825
1.2,0.37433774681517,6397.397593070308,0.9955963379538247,7,2.371322805491408
1.4509999999999998,0.40572854956879806,2141.884286575157,0.9916681533269547,6,2.1497011574564615
0.373,0.14475706244914435,1541.535980900931,1.012423923725218,13,12.833782675332852
1.2,0.40678780220465555,2403.4731083795145,0.9929528346871812,3,2.5919698221262784
1.2,0.364553143815751,2144.393411511026,1.0199765534403684,5,2.5520646064419377
0.912,0.31825237801230183,7152.354427196894,0.9951219160641653,4,3.217002120157403
0.6,0.2720794548960845,2602.8999439056765,0.9838174273858921,1,4.985119706712875
1.2,0.37524280396705967,2202.6494668811165,0.9923938963670309,5,2.8023034756096976
1.2,0.4352340345591617,452.3241207015394,1.0228215767634854,1,2.592147523304794
1.2,0.3849514129588014,6611.332100398051,0.9959223287595994,4,2.59574258847652
1.2,0.42534368377518544,2504.08627818361,1.033162489626556,1,2.434428033518
1.329,0.39565899579015706,2143.435913830072,0.9898818088664122,8,2.4300245189716514
1.476,0.41652727729584593,6506.469592939674,0.9953740787287897,3,1.8897963913790081
0.6,0.18587245836717378,2123.3233411157103,1.0215428923161682,4,7.220991114518357
1.2,0.3909044323086552,1338.6513209054829,1.0161559728422038,5,2.8958872571555365
1.2,0.42708132131906,2469.3545753235812,1.0228215767634854,1,2.4762298326510903
1.2,0.3768937233331514,2195.7369802591998,0.9953894353147326,7,3.1676914474236626
1.157,0.3595976077392896,2156.1464087446907,1.0223703580759962,5,2.775325829245922
0.863,0.33381601264299304,7899.302491302976,0.995954356846473,1,3.035458180051551
1.182,0.351607625884012,2056.679133383503,1.0168152878427625,7,2.9913107905443113
0.6,0.1444447203021295,1429.0689572107055,1.0017279782821953,14,9.321447937443404
1.2,0.34011945643906294,1434.2440210504506,1.0106813204865868,10,3.3034032599153695
0.324,0.13043758830680247,3775.5340233125476,0.9920769898895422,13,14.989489537275059
1.2,0.37709367294100865,2165.8557625125213,0.9986500404869232,9,2.936785677202973
0.6,0.1575944946643906,1766.1441571039916,1.0174367351992877,8,8.186240178598352
1.2,0.3921860477094484,6737.847852919753,0.9851855388184374,3,2.600301950449118
1.2,0.38209925974526177,6407.8004589409375,0.9935868389407516,9,2.5633716126236923
1.2,0.37686469839007525,2166.7549589769633,0.9874381712824252,7,3.193480938578173
1.2,0.42182890156090036,8120.385479354185,0.995954356846473,1,2.2728739200700767
1.2,0.3799805910652218,2292.7365952070168,1.0207890320170179,3,2.5480155327859095
1.2,0.3577618993935046,1975.007641057258,0.9971316503789521,6,2.655232716374257
1.2,0.39966079286154793,1166.6142139631158,0.990675952471018,4,2.955015355351908
1.2,0.373782507563334,4226.363819774194,1.019695250907629,7,2.935701607660225
1.2,0.417902742905949,2553.4385061652747,1.0223373945691367,2,2.7214742672284005
1.2,0.42534368377518544,2450.9126659843855,1.020864398340249,1,2.463754962966049
1.2,0.3825466786643716,4626.659093124326,1.0208993918430078,5,2.7435532817245227
1.28,0.3998057315801807,2310.9700426993,0.9933378340740289,4,2.524688685748883
0.6,0.16232406400608768,2806.0925607078766,1.0202351875433402,6,6.917191776435996
1.2,0.3734978908499891,6076.596630869529,0.9873513157131728,9,2.6199601422281527
0.6,0.1807963187622485,1918.1939657054968,1.0224448254728973,5,5.909436459973921
0.6,0.1509657147271358,1560.069553043771,1.019022959139854,9,7.502077742739146
1.2,0.41690299486666244,2527.3354867895046,1.0198958654779748,2,2.4889379985513047
1.2,0.4211872218845368,7100.453684968496,0.995954356846473,1,2.389016993238317
0.6,0.1582033376406609,2479.999876524591,1.0195748735209227,7,6.995122520390029
1.2,0.35066529560069426,2008.6772273135873,0.9896921991173427,8,2.996537715748828
0.3,0.13687732543006476,1564.2044972272531,1.0223022979050609,5,13.248004479362955
1.2,0.3874546412441266,6721.270998499102,0.9953457102163815,4,2.4863791447812558
1.2,0.3831718363891008,2375.905299624104,1.0200859406926932,3,2.6640461221953142
1.2,0.40678780220465555,2410.121235265909,0.9959325039183113,3,2.5842150669630297
0.8390000000000001,0.26169925911558867,2480.7355895463766,1.02262913255626,3,4.5937167958086595
1.28,0.4047025785608034,2249.494256645934,0.9933381061425282,4,2.432757419398308
0.912,0.30407996694915174,2307.1207507519593,1.0184779560430197,6,3.691820460567625
0.6,0.20306481251402364,6175.06647499676,1.0226037487383415,3,6.188114244760162
1.2,0.3905924463016287,2310.22313869288,0.9933092309799525,4,3.007265780516832
1.2,0.39396462145022765,2642.515998525377,0.9936381596379114,4,2.6718654228437844
1.2,0.3604507120912939,6457.66261406408,1.020605954942167,12,2.764434061760447
1.2,0.41464668787180636,2947.069510688569,0.99523283002169,2,2.5991201463027
0.6,0.14769665977916674,1504.5961218336492,1.0069586940475106,13,7.44070502101053
1.2,0.43174749562851417,39.23518468194325,0.9352697095435684,7,6.104453958975719
1.2,0.3643671351926839,2136.339402879599,1.0130932792495009,11,2.7787545610891535
0.6,0.14790711445762003,1559.7394679761046,1.0222538514624546,7,6.425998388111398
1.2,0.37491357721662905,2243.2001703418537,1.0199789015597769,10,3.131067139281602
1.2,0.3533023245625789,2005.8199364735858,1.014880139845932,9,2.653228313774692
0.6,0.16243308025142503,1732.2133575378093,1.0204674504499547,7,6.901536785040628
1.2,0.41767054336134046,2466.3340908570094,1.0019937560413172,2,2.779808738128638
1.2,0.37353165937777194,6170.189555639388,0.9958898285773221,9,2.592740139208692
1.2,0.37051952333428106,2249.5920621105815,1.0226369457042108,12,2.9205057913815775
0.863,0.2744141933493473,2458.3981456629276,1.0211266931659913,3,4.156947496575719
1.2,0.3893029742302981,5610.605091999057,1.0215726038871902,4,2.4922002812215145
0.6,0.27556893636362945,2827.3880968302446,1.0228215767634854,1,4.414540972888007
0.6,0.18015168192815845,4385.702283396096,1.021311207852132,5,5.688253594287038
1.2,0.38899873709270594,2250.733537144405,0.9940752503452879,4,2.909553921774534
1.2309999999999999,0.41069831381109956,2435.598230226389,1.0218263180544855,2,2.3958607348670875
0.79,0.21434573652031635,2188.923879392835,1.0161060355571487,10,6.275623162870988
0.6,0.2725000805604987,2795.9010704507155,1.0228215767634854,1,4.671791821804697
1.2,0.42708132131906,2469.3545753235812,1.0228215767634854,1,2.4762298326510903
0.6,0.17669806373997027,1854.5908533104393,1.016852363788782,9,8.21835525772513
0.6,0.17996267455688758,7044.335889119592,1.0223647735234527,5,5.430404223606588
1.2,0.36903058821564005,8464.302136692482,1.0210293750834416,8,2.361140503777481
1.2,0.3784737611281359,2296.1103953650245,1.017967605586269,6,2.800396172191868
1.2,0.417902742905949,2553.4385061652747,1.0224089083003531,2,2.721283910143599
1.2,0.3453220177211244,1940.2471360231825,1.0118869392639802,12,2.6968572296472266
0.6,0.2832467012293831,3038.680062096671,1.0228215767634854,1,5.2360726186953555
1.2,0.37957132396784377,6506.990985552657,0.9935070985591556,5,2.7740327491594816
0.618,0.19771379306066172,2168.460469912327,0.993248860045232,5,6.835642734181651
0.594,0.1867956688090542,2052.287551255634,1.0225387134775652,4,6.630396316711413
0.349,0.17424479588664238,2032.7504129793683,1.0225604277904257,3,10.279833910272549
1.2,0.36646400853731737,2107.482471012377,0.9931959509682167,4,2.74919214121518
1.2,0.3656639123883923,8221.09992293878,0.9939064173657924,10,2.8707676164899585
0.6,0.22669918293959263,8700.30653696293,1.0226512117473587,2,4.45544074174673
1.2,0.38212466307419235,2066.2189376758206,0.977691384922894,9,2.8018372564399088
0.6,0.16148758014510306,1757.432764194207,1.0174957807113296,6,7.592375678803698
0.6,0.22926951289064076,2831.539145460422,1.024118633904433,2,4.788983982724576
1.2,0.38594628057920694,2294.8553364815457,1.01589440713952,6,2.6298596313597646
1.2,0.4229682393982472,6984.518293853121,0.9848078008298755,1,2.363864175558322
0.6,0.18413031088657283,1949.870101151745,1.013787140336179,5,5.553216907302506
1.2,0.39061900502373725,2263.334577794483,0.9924357555668708,5,2.8032673610998895
1.2,0.3825359520799017,2329.84292328109,1.0199573938073034,3,2.696624434790153
1.2,0.4192400610626811,2514.2774889637744,1.0218464113409886,2,2.4490274505502767
0.6,0.14678053176459735,1521.9563786573235,1.0218434250414064,12,8.39205258226871
1.2,0.3486881649771856,2066.171735216994,1.028352968328995,7,2.544358900406161
0.79,0.25526810883370704,2658.1020857375975,1.0213249535344078,3,4.280024676525932
0.6,0.14432491200560707,1461.8819118300814,1.007489128951465,13,7.754815454144431
1.3780000000000001,0.4275007517299643,2406.1903239361377,1.0228215767634854,1,2.3145929755773382
1.2,0.4050699935012491,2322.4691966066603,0.9950329795664226,2,2.4258093396316425
1.2,0.4233024587570037,2457.9654623462347,0.9950853344200218,2,2.818593213365119
1.2,0.42471715454147274,2535.9730079650753,1.0228215767634854,1,2.711154736892624
0.6,0.1617562411736685,1699.783849701209,1.0161401933651593,7,6.931493407443172
0.986,0.29918318368341823,1908.1358030004528,1.015794590766063,8,3.766532853419525
0.6,0.2753002753350639,2824.631585141112,1.0228215767634854,1,4.696337559858607
1.2,0.4165386027776504,7372.2242320320265,1.016063934185734,2,2.2728240203380023
0.594,0.16623143747725322,1847.9729756331376,1.0189159244349806,6,7.0879855764454
1.2,0.4199943161667061,8467.855153690369,0.995954356846473,1,2.291364167581874
1.2,0.42556210288435364,2423.2343921579654,0.995954356846473,1,2.71630984055853
1.255,0.3758568412991604,2205.037739356282,1.0198442562787364,4,2.5283531497224927
1.2,0.33491555276370566,5629.893158761461,1.0196683883954674,10,2.5650840462823594
1.28,0.36388093330312155,2075.298798555759,1.017875646946502,6,2.523383972039231
1.2,0.37635031189889395,2186.352306875567,1.0193558615840688,11,2.6845655311279146
1.2,0.40636354117344875,2441.358121282043,1.017626206251372,2,2.488596829122702
1.402,0.38829174085183576,6100.997897251301,0.9921614924527092,14,2.3426787924867556
1.2,0.42556210288435364,2541.0181684154086,1.0228215767634854,1,2.6449584968765167
0.6,0.19953734662897613,2396.845164492436,1.028247603989316,3,6.024892045566684
0.6,0.19953734662897613,2272.195218641177,0.998502902468025,3,6.204369356198858
0.863,0.3398108671590621,2848.083744206675,1.0228215767634854,1,3.6832327033051677
0.6,0.21006576813427563,6817.147744508609,1.0225922454164815,3,5.915476616590969
1.2,0.36662327217780166,6099.809255738908,0.9916734066395809,11,2.5144626331032276
1.2,0.3773616640127602,6559.353389964939,1.0057749881817288,6,2.462571092874486
0.6,0.1444447203021295,1386.908874319779,0.9855243067887481,14,9.474708165710895
1.2,0.39920064237583264,7191.488709407278,1.0179632804777874,3,2.37259976969032
1.2,0.3515254757984483,5989.348590634588,0.9941006756921463,7,2.71137017007343
0.618,0.19771379306066172,2168.460469912327,0.993248860045232,5,6.835642734181651
1.2,0.40191705522628746,415.893024083049,1.0013200456373568,5,3.089250993137636
1.2,0.3894876555676162,8621.87051785822,0.9954591429154349,3,2.5054153058623125
1.2,0.3338138269571619,1869.4479624981332,1.0010717493051688,14,3.2480472504066484
0.6,0.15618579661757676,421.84427981386386,1.0198430861756143,10,8.04885213250491
0.6,0.28304834324135175,3024.5937996087823,1.0228215767634854,1,4.716538277848453
1.2,0.35677319979635674,1981.1019930194102,0.989708975183327,8,2.8912705318522582
0.6,0.15596446954048268,1645.8698430496374,1.0170013287406938,8,6.649224050272125
1.2,0.3831527712995755,4328.624982527154,1.0207359292981655,5,2.8282586325216887
0.6,0.23684861944268223,2848.822336120472,1.0220413729224578,2,4.92545951988145
1.2,0.37433146585827026,2122.608983525834,0.9951054681344377,14,3.343346860578332
0.741,0.24404782892944712,2793.6576065595737,1.0220689637745592,2,4.708091652737505
1.3530000000000002,0.36381917551385784,2011.92023933618,1.022055042093711,8,2.319143027482021
1.2,0.3729050459746603,2781.9602755902356,0.9912151608520958,8,3.0292425808223307
1.2,0.42473457354216315,2455.7858424599835,1.0228215767634854,1,2.447622343152013
1.304,0.3793852724716646,6153.962313899531,0.9938819089897905,8,2.3457107187479855
0.986,0.32054125761499636,2025.726695329127,1.017800955022388,6,3.2054593995784564
0.6,0.14633260861096772,1463.692875150411,0.9869336875413661,12,6.940529630049463
1.2,0.36818946540400843,2195.0766888347785,0.9997772455634023,10,3.021048554050507
1.2,0.3768937233331514,2194.2525265066497,0.9949517105958535,7,3.1690850596297153
1.2,0.4250005542182409,2338.663174932869,0.995954356846473,1,2.5469169367704745
0.6,0.19499552302444415,2345.661149007472,1.0204086857731995,3,6.862336784113243
1.2,0.3715358228826617,2228.307456027992,1.016740286651854,4,2.6309327126893285
1.2,0.3856551362541337,3418.7768146976,1.0214479862671946,3,2.682864760167131
1.2,0.3589530524581708,8211.391204560246,1.0199633184072063,12,2.660713947283011
1.2,0.35948683959834027,1994.8405856732013,0.9905568649375305,7,2.797236203277455
1.2,0.4100436077161834,7478.458690985702,1.0250061936058432,2,2.283356371308001
0.6,0.28045957992705023,3020.192928108677,1.0228215767634854,1,5.613933335485366
0.6,0.2714408948159008,6072.361107308338,1.0228215767634854,1,4.459205750177344
1.2,0.42174658120765013,7109.883470015752,0.995954356846473,1,2.431821263363879
1.2,0.43029616256422276,2470.7079395043506,0.995954356846473,1,2.688376578315446
1.2,0.3760310375250573,2279.9695172607458,1.0206751430509498,7,2.9184305010855702
1.2,0.37918024384880983,2310.188589491334,1.0226086093209819,7,2.6220744020247655
1.2,0.36880973156289404,3593.4665960734555,0.9912915999979185,10,3.3382523846925336
0.6,0.17510668921579434,1950.2299698650936,1.0222208661768413,8,7.1995695863401
1.2,0.3350812895598497,4378.334516249896,1.0188130967691744,10,2.726792082380649
0.39799999999999996,0.20279039727574213,7193.416328631354,0.9951692539499356,3,8.863832034849064
1.2,0.4211926684212759,7391.331594440162,1.0186297095435686,1,2.3392554726072583
1.2,0.40299034263895106,7021.6945189069975,0.9959455365030028,3,2.307073383223406
0.6,0.15632260185718247,5407.618745761141,1.022323502591192,7,8.477118007970159
0.6,0.2064844009453794,2285.959424656377,1.022480121437962,5,7.4268062971116455
1.2,0.4168884823951243,2535.9730079650753,1.0226143646751993,2,2.481678127222696
1.2,0.3486881649771856,1895.5012971600415,0.9802882270742773,7,2.6691119565273724
1.2,0.37635031189889395,2195.3020589626376,1.021953335204271,11,2.6777422370413855
1.2,0.37957132396784377,6895.5951865920015,1.0262522877736577,5,2.6855201793551187
0.6,0.1721596131639899,1887.116560208226,1.0189764802516574,6,7.281935850237737
1.2,0.3736587716597738,2209.6509493364592,0.9851668547123005,14,3.3799245850818678
1.2,0.4353629312253941,47.27996242528176,0.9352697095435684,3,5.8645079340682695
1.157,0.4059604046908379,2458.7704973580244,0.9950695369716024,2,3.120857107265234
1.2,0.3779829219232135,3516.5318762807847,1.0196787280135833,6,2.7006811066359684
0.6,0.1630355672642729,1351.1044380646265,1.017579330871593,6,7.169325640118172
1.2,0.3596052945382776,2127.3011087808177,1.022816206695308,5,2.7756927250113885
1.2,0.36483299555163456,6076.964833696294,0.9959198097852204,13,2.6324032936761617
1.2,0.40216848109689707,8571.641161853506,0.9954564660330414,3,2.2252697235381507
1.2,0.34607449666726847,5729.343977178718,0.9940723860189777,7,2.5962559811588264
1.2,0.4187751036950683,2541.0181684154086,1.0216185444983887,2,2.568147443614975
1.2,0.36503724067935367,6636.666769619385,1.0324687441353013,10,2.9757312971626164
0.6,0.1703585805941055,1808.4782829646865,1.0203289514572795,6,6.218026336352113
1.2,0.4201197847800074,1893.58158573945,1.0215154440717498,2,2.737200944040173
0.6,0.1975597407080859,2213.4263294427906,1.0198451521660004,5,6.235992272298623
0.6,0.2698338636410124,8916.570311183654,1.0228215767634854,1,3.7070417356008094
0.618,0.2809439772977711,8421.916624228206,0.995954356846473,1,4.333460132388714
1.2,0.3136602217006346,5000.5978004856825,0.9933680181398249,9,2.6415806994884767
1.2,0.37709367294100865,2279.4912878899922,1.027758160701779,9,2.853610165875561
1.2,0.3797270949185842,6856.455416965414,1.0348838391550124,6,2.381025020843925
1.2,0.4060081000239502,4256.786013941537,0.9949632420489687,3,2.4679455455041097
0.6,0.22521781413551878,2795.9010704507155,1.022640270333201,2,6.2788089234534725
1.2,0.416428033184949,7156.949758382087,0.9956568913225489,2,2.3180649317076125
0.6,0.15395314238068197,1600.7411799047197,1.0064183964323647,8,7.191734377440384
1.2,0.42138251002078037,433.02128889816055,0.9861693914939899,3,2.8421479775773593
0.6,0.19483466444769587,2080.603480951845,1.022389303833847,6,6.5371745971937
0.6,0.23832826486925843,2795.9117133529903,1.0228046599351386,2,4.5236695831650895
0.6,0.1556010809032001,4458.7257943418335,1.0223933533334169,7,8.721821088305287
1.182,0.357334031133214,2075.546074869523,1.0178157651584483,6,2.6466872883120094
0.6,0.1626024774700508,1766.5316270919598,1.0223510302139136,6,6.421161614469385
1.2,0.40811992057064717,2380.1545622619014,1.0030791481392385,2,2.4998921749564564
0.6,0.15366425397737898,1591.608516129609,1.022672880374534,9,6.0849906468090555
1.2,0.3745943546502364,6392.133661103416,1.0210885625110178,6,2.5024008701897467
1.2,0.35330669311768437,2008.5399691451266,0.9971315083999917,6,2.776115383463133
1.2,0.3949488504232982,2444.028694642133,1.0227146427441167,4,2.606116770555993
1.2,0.3773616640127602,6728.5235969397045,1.0203275368354965,6,2.4274483657612267
0.6,0.19499552302444415,2390.0974661627965,1.0318493945860867,3,6.786250101953103
1.2,0.34953288708056374,1976.9804732502196,0.9962283201201775,7,2.787289647076834
1.255,0.40444849175273523,2419.845209849123,1.021828680020817,2,2.4805744474189986
0.6,0.24420507877405623,3079.9749865374883,1.0227300768604426,2,6.408382788859628
0.545,0.20076376094390785,6666.428141220971,0.9951170120628815,4,5.787679005038924
0.6,0.1753154218564091,1847.6349807711124,1.0160791133388236,10,7.081758734513161
0.6,0.21021129743260156,2332.9401344475473,1.0212545299348266,3,5.250574776043867
1.2,0.3933558613340962,6817.1147902016455,0.9950591624535271,4,2.473050464041264
1.2,0.39750094524277507,2467.430273017181,1.019945482746374,4,2.8099027857475547
1.2,0.36483299555163456,6055.742097548309,0.9938614215964933,13,2.6378552689012036
1.2,0.4232675198845074,2548.6340499349,1.0212409281734545,2,2.465221938763598
1.2,0.4098905600338127,7307.236902745022,1.009350058505255,2,2.5271545164666738
0.6,0.14810314681899386,1553.1577427700963,1.022101495841027,9,8.04232893489253
0.6,0.19953734662897613,2251.417478016441,0.9935470264922986,3,6.235317146506755
0.6,0.27271583922436593,2723.874776718234,1.007452614107884,1,4.94237986443682
1.2,0.38283309453664727,7708.644272239798,1.0221842682412305,3,2.4179096406308944
1.5,0.4239235891384774,6481.886413304455,0.995954356846473,1,2.0042242119659095
1.2,0.3977844584512937,203.27429173021832,0.9352697095435684,10,4.090887988402512
0.6,0.1615083261704749,1736.0624614503477,1.0114543458506247,6,7.628230033655799
1.2,0.3836224579944426,6428.5866393904835,0.9835896555018191,5,2.6344921324642763
1.2,0.4282605397484086,39.403701971519,0.9352697095435684,7,5.637773348877025
0.716,0.27873960330192227,2758.0814469266575,1.0228215767634854,1,4.448035359582132
0.6,0.18673912357708278,2117.8978313601483,1.0200473004051251,4,6.421461413362172
0.6,0.21365434993836566,2503.7193672422027,1.02263709349186,3,6.301546037672634
1.2,0.40407996367331855,4578.148455523205,0.9950440233245893,3,2.5109242086291936
0.6,0.27540362902764787,10457.34327348357,1.0228215767634854,1,3.2748594409448724
0.6,0.1897534712141991,7082.02271917161,1.0224694046964617,4,5.733681234711432
1.2,0.3341968694104938,1974.73282387114,1.0148289251934581,9,2.9210412934822574
0.6,0.17679192306191568,1861.6643491720263,1.0160201620862506,5,6.742994927636237
1.2,0.4229292706188255,4940.373313548288,1.0228215767634854,1,2.4357094157198147
1.2,0.3825359520799017,2335.1623299819325,1.0225681564930926,3,2.6897395671094677
1.2,0.42491128244493004,2467.6250938288354,1.0253374273858922,1,2.510786063269024
0.6,0.1670955755688952,1832.6473079100765,1.0223636082389571,6,8.600362505176399
0.6,0.27556893636362945,2827.3880968302446,1.0228215767634854,1,4.414540972888007
1.2,0.35330669311768437,2015.961336300597,0.9991222468478632,6,2.770584008651869
1.2,0.3538768622466492,2028.5956186683434,1.0139277746595705,10,2.749887884476733
1.2,0.39618724799454336,2484.7376559659638,1.0207536663073566,3,2.8925846847651524
1.2,0.39221936822206244,3536.6791962305915,1.0208323803865333,4,2.5793497434176107
1.2,0.3935324408938042,6747.283535203574,0.99533826778128,3,2.576881542028405
0.888,0.23882413829042823,1816.5239023357506,1.0149723464591498,10,4.78649197788783
1.2,0.3820810950572145,4759.894133779751,0.9943316029615622,5,2.7939411804182805
0.79,0.19685761633091312,1847.3686786499668,1.0222013668820638,8,4.710594486036603
0.6,0.15632999101487563,6459.387677014427,1.0211334269166221,7,8.357406322214175
0.52,0.27799909652566424,8619.609872139354,0.995954356846473,1,3.906942996793104
0.569,0.22670450116791654,2818.1047037881526,1.022718266747373,2,5.687551449136097
0.6,0.27250267381367016,2795.9276777064015,1.0228215767634854,1,4.671117687749895
1.2,0.36049918626827254,6168.151250503007,0.9947576145966995,12,2.8349151261333647
0.6,0.15412307682104828,1615.6413961165842,1.022189725161553,8,7.337228920878338
1.2,0.4054908774660365,198.68939384228378,0.9352697095435684,11,3.4596418475737245
1.2,0.4187751036950683,2423.2343921579654,0.995513852349007,2,2.6354902518055416
1.2,0.35983159781998225,7999.834350802223,1.0193828719687084,14,2.992391286696502
1.2,0.38049962767120526,6550.654966481131,0.994470613867602,6,2.684760884470897
0.6,0.15304031726432066,1575.9000564441565,1.0019240587985638,8,7.531906868707527
1.2,0.4189089409325857,2454.2912622984986,1.00199395254405,2,2.6179280363441917
1.2,0.3667023597691427,3282.052307626164,1.0168591388042993,10,2.888648507384057
0.6,0.15909763802226612,1733.4929084084563,1.0173059191705918,7,6.767012208573346
1.2,0.36816527795144505,2250.573716123518,1.0140030534961824,10,2.9816949751409836
1.2,0.4039855420146786,2394.2038578204083,0.9942056483687743,3,2.842444047738195
1.2,0.4211316958378291,6287.550467565289,1.0228215767634854,1,2.494061984959859
0.6,0.24911302927374177,3098.127743898483,1.0220812315244199,2,5.308513022544868
0.6,0.2072610918749153,2438.4796230379357,1.0200514277952504,3,5.361142795200454
0.6,0.19967911293534452,2327.4177666539576,1.0225530135261718,4,6.624610352131849
0.6,0.16963282583342124,1791.7298505012634,1.0145610276831263,12,6.916466027056194
0.937,0.266639396923141,1852.0040808033582,1.0216702900594097,12,3.6331863976519903
1.4269999999999998,0.4271854970650092,2297.341037382267,1.0228215767634854,1,2.0382130379856087
1.2,0.377896696366113,2141.4721201402645,0.9959338167163463,8,2.820484357868633
1.2,0.3722386851760953,4478.063075490543,1.0189841726081161,9,2.6961582722808877
1.2,0.3430642702762478,2023.8564825453925,1.0225314328251809,7,3.175865049743262
0.765,0.22394572477052413,2348.672171046176,1.0191874678837423,6,4.6407621629499785
1.2,0.3775408227953384,7899.599499468639,1.0213968671674905,6,2.4035363209808005
0.545,0.13944907812274357,1476.19882266391,1.0219931061965504,10,10.080280928712815
1.133,0.35666352982516375,6160.638860353234,0.9932311105427192,10,2.882633005979134
1.2,0.3655122920979733,7994.397631865823,0.9936376038068218,11,2.376117504409663
0.6,0.2720794548960845,2836.8827095027914,1.0320451452282158,1,4.7521638639019566
0.349,0.17432986156939176,2141.5389947106137,1.0225604464873501,3,10.668843628275742
0.6,0.15900211785844207,1814.918743723643,1.0222991431642967,7,7.024881360658538
0.6,0.1800280717881249,2008.1257433347857,1.0176305392056393,8,7.0472549454475875
0.79,0.29542265837717885,2709.4082252215576,1.0228215767634854,1,4.054557189805957
0.618,0.2437737542424597,3057.5281506649603,1.022072176103391,2,5.3060627338395
1.2,0.3865880543205554,2348.6096640992882,1.0197030045062858,5,2.9393981802949227
1.2,0.3949488504232982,2433.055513024667,1.0188515275913717,4,2.615998219337798
0.6,0.2712393121829868,10967.351150484412,1.0228215767634854,1,3.798993996973434
1.2,0.4392675007977536,249.43755552992803,0.995954356846473,1,3.1862377387486642
0.6,0.22006505206526789,2498.104979425714,1.0226448388657898,3,6.821825126911439
1.2,0.3367151270043521,2587.9239999518663,1.0174377548593396,8,2.9124948378190534
0.6,0.16727223394377277,1857.487558482755,1.0196225124509137,5,6.489105844008505
1.2,0.4275805510230097,2440.512347653128,0.995954356846473,1,2.683893517776565
0.8390000000000001,0.2095012630230284,1751.289880572639,1.0218032478721333,12,4.243176175024755
1.2,0.34238688614897467,1952.8020279862617,1.0024925328637933,7,3.2368226603935617
1.2,0.3768937233331514,2304.4639863489283,1.0228187770443973,7,3.0827421942855895
1.2,0.37491357721662905,2121.9424687215214,0.9883577189278661,10,3.2312414425201084
0.6,0.2779040850080027,2926.8459952243047,1.0228215767634854,1,4.816307867949457
1.2,0.38594628057920694,2297.7843316727353,1.016806174523091,6,2.6275014432455266
0.6920000000000001,0.16809404540838058,1709.6857971844963,1.017526825924466,8,6.04166538593334
1.2,0.38899873709270594,2365.4021641668937,1.022742260945185,4,2.8280004196835966
1.2,0.37118204345986056,6743.979137488208,0.9942501141093918,7,2.7819616833938765
0.6,0.18062775279100327,1963.1625601808346,1.0204413945269197,4,6.216655450067338
0.6,0.15312942883328054,1565.6151130123799,1.0158659172899014,10,8.220172883918247
0.6,0.22521781413551878,2795.9010704507155,1.0225767536367467,2,6.27919892762584
0.6,0.2088098516584467,6312.996893349119,1.0220975222627613,3,5.245753693424741
1.2,0.4232675198845074,2430.4972548379837,0.9949637481539982,2,2.5303289145634613
1.2,0.4255653278780288,2552.2258287606896,1.0253374273858922,1,2.6403814534404626
1.157,0.38324738797386665,2375.026172839586,1.0208116764800086,3,2.6105773013351117
0.6,0.18708062996912816,4486.020435553241,1.0225718569250692,4,6.340295425081553
1.2,0.37686469839007525,2166.7549589769633,0.9874381712824252,7,3.193480938578173
0.961,0.392150223171167,7695.006269099124,0.995954356846473,1,2.7763395229131627
1.2,0.4086687905947265,8711.239771004059,1.0225334352232756,2,2.4430267694769654
0.937,0.26109164328462015,1843.265319401792,1.0116355055240942,13,4.188134614609282
1.2,0.3663937815607694,4172.721233315239,1.0181359018240332,10,2.802289600858775
0.6,0.1465527716173332,1222.9203164674443,1.0105401410867472,14,8.879105493462413
1.2,0.3921904049388398,6869.621382062252,0.9958886667354566,3,2.572514601067213
1.2,0.4276422238048046,2435.079010182268,0.995954356846473,1,2.668932373027835
1.3780000000000001,0.4214424939678711,6697.265323050509,0.995954356846473,1,2.188286097284673
1.2,0.39499856394299376,2821.9428686114725,1.0211243184384353,3,2.8573792432682863
1.157,0.3849422196785614,2356.3384810861453,1.0225953401621348,3,2.5915895632158668
1.2,0.4217487598223458,7172.802224283746,1.0007448962655603,1,2.42006222702005
0.47100000000000003,0.1583757027869974,1793.3511572615,1.018074435126507,7,10.729453963284257
1.2,0.3561928562360055,1952.8894400666509,0.9879045446856985,10,2.902141989440684
0.6,0.27066225547381606,7610.579773062341,1.0228215767634854,1,3.8151575987726662
1.2,0.3949488504232982,2331.003905662568,0.9959449968065517,4,2.676165642173835
0.6,0.18358728367246469,1947.270165859108,0.9944556193377625,4,7.292794252438019
1.2,0.40278725022816125,417.25692769265606,0.9964058527675194,6,2.88331512764991
0.6,0.2341577796321512,1852.81753554128,1.0216440477384725,2,5.439094173415055
1.1079999999999999,0.4228624428211166,7360.154977276963,0.995954356846473,1,2.5535272544186864
1.402,0.40433680046098774,2316.294646812976,1.0199822531515532,4,2.2936347958789938
1.2,0.37491357721662905,2123.3986913156145,0.9887736008789939,10,3.2298823700342676
1.2,0.37734683494450544,2151.6454151616467,0.995905163810782,9,2.940162662744045
1.2,0.3897766484973301,6613.102167582337,0.9953277356252779,3,2.3326442992056027
1.2,0.40621536159491106,3189.790045952362,1.0220515045107577,2,2.3813684411369054
1.2,0.39663641869038985,214.27993059990138,0.9429551418562235,10,3.7321709960327576
0.765,0.25891901112869903,2735.553191515258,1.0227314680464976,2,3.755631545114898
0.8140000000000001,0.2398936505945795,2046.66959820715,1.0136236884574765,13,4.047635232597607
1.2,0.38204840887682084,6476.066270666614,0.9944587876838288,5,2.6578021428816063
0.324,0.16415587576294957,2071.5750741163815,1.0225474526492249,3,13.032937727134295
1.2,0.3430232312835434,1909.8021945489106,0.9851776473269349,13,3.1839285359252516
0.863,0.2679347987770103,2475.4370764729238,1.0226233281802493,3,4.285616839318085
0.447,0.2875139091455835,8867.888184689475,0.995954356846473,1,4.7841356117070655
0.6,0.16262153874818158,1758.0221696083536,1.018860895114321,6,6.448448513887974
1.2,0.3875206071813039,2312.5367807527855,1.0198872908879595,4,2.6877983623822055
1.2,0.42556210288435364,2423.2343921579654,0.995954356846473,1,2.71630984055853
1.2,0.4214620877281116,1681.2804637359266,1.0213572357629956,2,2.5830564119970125
0.8390000000000001,0.25915690965884514,2465.1129340852503,1.0211737695447962,3,4.447598720443793
0.6,0.1562955300509627,157.4626229353269,1.015068295708916,10,11.35520668569423
1.2,0.4008607370918668,6335.813163260368,1.0220645310848548,3,2.3894275248100136
1.2,0.36792533871021954,2210.3212032134843,1.0222493966431254,4,2.717490765639579
1.2,0.3666129966958366,6360.066772817031,0.9944326256036524,6,2.6021874044676028
0.6,0.1935499308700179,2180.442561571217,1.0212091282891613,3,5.608156713731053
1.2,0.33662315644701707,2656.117544988557,1.0155783832223544,11,2.696558996335649
1.2,0.37724516702117505,6435.305541380018,0.992123070705845,14,2.8479543947024335
1.2,0.34819150586410585,2062.616320629387,1.020860219672826,7,2.574470272105266
0.6,0.1502375868471539,2167.927459882567,1.0177144524517294,10,7.295472044506383
0.6,0.18497581373961317,2325.5823298447135,1.020750984364001,4,6.879329078386163
1.01,0.33940448582845645,2151.529123489647,1.0223583611464448,5,3.0490980388903424
1.4269999999999998,0.4208352237714097,2365.5557954981327,1.0218774898628242,2,2.1781224472024494
1.4509999999999998,0.42576862100008017,6610.521022572454,0.995954356846473,1,2.0472567404679545
0.6,0.23048429298822776,10226.871224726197,1.0224077663617515,2,4.530712115771547
1.2,0.38594628057920694,2308.7534421808837,1.0202117272216094,6,2.6187306220604243
0.6920000000000001,0.21808989600154638,6433.7535186927025,0.9949770687748869,5,4.677982738884409
0.6,0.23250952340308922,2706.8929393380686,1.0044178334571685,2,5.612136177526579
0.6,0.27546368770852353,2862.635618807919,1.0228215767634854,1,4.843423987100968
0.6,0.14707239644617032,1604.116846389272,1.0140301116499737,13,7.512935628139657
1.2,0.3747507150360356,2257.2827619115405,1.0208158419266913,8,2.964550414460312
1.2,0.37330914286325795,2091.9244624463263,0.990670051741312,13,2.8954495430363685
1.182,0.37834373183759423,2165.9813466167384,0.9897835478797268,8,2.9167380458762278
1.2,0.40645466726593027,9427.458183126415,1.0223088188404046,3,2.2137964347089722
0.6,0.22089835126214072,2624.1074301032213,1.0213271506169204,3,7.078909924852849
0.6,0.1877110853606791,2026.177503187036,1.0225374431394259,4,5.874272726721933
0.6,0.15540150332999794,143.38899084295173,0.9446541483481348,12,10.312985666177509
1.206,0.4124812960720193,2535.429112447785,1.021855242448034,2,2.7541287157774783
1.2,0.35630738225750874,1981.173776145776,0.9843888110648343,14,3.2833098570524
1.2,0.37353165937777194,6157.804552885142,0.9946512720688745,9,2.5959686628775462
0.6,0.15191691999043505,1533.5917538489848,1.009706777338399,11,6.698245352243622
1.2,0.3485223305835231,2571.261092735623,1.0187236519478684,6,2.7161001570967414
0.6,0.18257645001306078,2021.5068353205897,1.0224600057170514,5,6.675675150723735
1.2,0.3361217523236025,1839.3182765392667,0.9857070092674746,12,2.9446983822147534
0.447,0.20651127840704067,2313.3900052240692,0.9944692571060217,3,8.427683619923979
1.2,0.4206794592259979,9248.44302711521,0.995954356846473,1,2.2249106040216766
0.6,0.15081468509305393,2243.1030336888743,1.0221603829819619,11,6.879111677731713
1.2,0.3405983778603642,1901.6522655711603,0.9994171278840438,9,2.9590130535293246
1.2,0.4211926684212759,7596.022791395785,1.0342798340248962,1,2.3038592112323615
0.6,0.16243308025142503,1736.1244690504707,1.022016403483597,7,6.891076917367716
1.1079999999999999,0.38735335688962425,2283.8618716374713,0.9932852964844514,4,2.8470751844791673
1.2,0.3905337979666748,6895.051103433443,1.0221230288121792,3,2.587842908770215
0.594,0.1591398975132687,1712.695416605892,1.0181400367975797,7,8.183639626970804
1.2,0.34664468254504893,5749.210377495855,0.9943574293239039,6,2.541078429419134
0.6,0.1794985357268283,6119.900374957162,1.0224416565331576,5,5.368573620521612
1.206,0.40089417586902876,2449.4049256202543,1.0218225392753106,2,2.5456468948402406
1.2,0.37448628006683365,3609.2604391317295,1.0180434553853888,9,2.7076551711126795
0.6,0.15191691999043505,1494.4390580289148,0.9958873783627231,11,6.7911933370968915
1.2,0.38752326760704014,6706.82814061176,0.9938078066035283,4,2.4884578011697704
1.2,0.3938765556001665,1157.6676690127565,1.0131559339557565,6,2.668472094430725
1.2,0.3762471121012902,2084.241329256639,0.9919058085186961,11,2.7554961522002213
1.2,0.42556210288435364,2541.0181684154086,1.0228215767634854,1,2.6449584968765167
1.2,0.3865880543205554,2237.7853392784677,0.9923864917750979,5,3.020308297955265
0.6,0.2725000805604987,2795.9010704507155,1.0228215767634854,1,4.671791821804697
1.2,0.3826141553867164,2248.818334095055,0.9941427493045701,3,2.887444987259833
1.2,0.417902742905949,2435.079010182268,0.9959219377075885,2,2.7936576215495825
1.2,0.39248727395182986,1948.4935297436716,1.0203856882354287,3,2.425199855266005
1.255,0.4001364043279073,2359.170630914968,0.9942049656473271,3,3.0169616544335933
1.2,0.36474203838809033,5992.399040801724,0.9881401659670825,13,2.6514052207134178
0.6,0.14633260861096772,1469.9489322254897,0.9898576520486426,12,6.920027831373699
1.2,0.3504854433124705,7041.930005332136,1.0212844204107898,6,2.4160629180043993
1.2,0.4254320382265689,2459.818534885502,1.0228215767634854,1,2.510695803303554
1.2,0.3405983778603642,1985.8955511274096,1.0241269671273736,9,2.8876188424416966
0.6,0.2811211151815855,2956.0612027401003,1.0228215767634854,1,4.662903159991483
1.2,0.4268375878828627,2548.6340499349,1.0228215767634854,1,2.65346050499783
0.324,0.2177935442176927,2871.5897870464546,0.9950974833440697,2,11.914969767090644
1.2,0.37479044409783674,3001.84345331175,0.9921263804100511,7,3.115814986621515
1.2,0.37226407775467074,2245.364647184628,1.0204035632289217,4,2.612089270381924
1.206,0.3810798452359973,2167.4054719918176,0.9915579842487386,6,2.95524276753413
0.6,0.16765669737367916,1785.12354538933,1.0189230071536264,6,6.4613631085275784
0.6,0.18309910783481106,1955.8634495268725,1.0161707834365357,10,8.366236354171104
0.6,0.15191691999043505,1480.7592810141364,0.9909283957987396,11,6.8251790513927855
0.6,0.21003235774572185,7558.366948722867,1.022559273447238,3,5.8812513274240015
1.2,0.42420621617573606,2947.069510688569,0.995954356846473,1,2.7573228844411712
0.6,0.15395314238068197,1625.151618347708,1.015756366242207,8,7.125619902819478
1.133,0.3499356133461483,6013.941183378525,0.9920308858365656,14,3.2982083015822536
1.2,0.3405983778603642,1877.1156263610471,0.9924256674350908,9,2.9798587686398115
1.2,0.4100263121566392,1670.5218396336109,1.0198927240497366,3,2.521362773539818
1.2,0.36816527795144505,2166.607427482911,0.9933668401108041,10,3.0436367385184044
0.667,0.1787769642802773,1926.242366080666,1.0133272656009842,14,8.3713249122929
1.2,0.4093694096415873,2499.363755538011,1.0223041522815923,3,2.548129182178668
1.2,0.38594628057920694,2209.0925844789945,0.9957439343492466,6,2.68307905165037
0.6,0.1837937066249146,2036.8446021343125,1.022173231419618,4,7.081042916074693
1.2,0.3486881649771856,1994.4252905143337,1.0081166672167814,7,2.5954327637004857
1.2,0.37635031189889395,2169.87396359152,1.014548889729682,11,2.6972851063795593
0.569,0.18157627131019727,5736.397778976876,0.9946228865429771,6,7.033452884232363
0.6,0.26952308189148955,9570.204154380792,1.0228215767634854,1,3.659366752240351
0.6,0.1434309293054569,3621.018383887835,1.0221861485867392,13,7.12333938790783
0.6,0.1527622722057359,1057.723856071064,1.0216352647646856,10,7.49422979778539
1.2,0.38594628057920694,2150.293223486431,0.9803593055647294,6,2.7240518284667012
1.2,0.3849514129588014,6599.56700255183,0.9944812726559651,4,2.599503957145231
1.4269999999999998,0.3722726850598704,1995.8317912096281,1.0169836559060919,7,2.212301709892277
0.6,0.26969478883303455,2760.113779407119,1.0228215767634854,1,5.510688274696734
1.2,0.41796905272488116,2502.592146741211,1.0218350757976766,2,2.7252851565197007
1.2,0.3715358228826617,2197.9394959890183,1.0088921361510617,4,2.651398682386958
1.4269999999999998,0.39536360333484283,2178.578747823199,1.0152698082408476,9,2.391361113873134
1.2,0.3734978908499891,6009.725626320661,0.9813914773475361,9,2.635870754183223
1.2,0.42174658120765013,7109.883470015752,0.995954356846473,1,2.431821263363879
1.402,0.42384888278483035,6683.818450226693,0.995954356846473,1,2.1182432789371664
0.594,0.1846526718926202,2033.3664901844263,1.0225352812113053,4,6.433069438228214
1.2,0.4039855420146786,2394.2038578204083,0.9942056483687743,3,2.842444047738195
0.6,0.2740377369135293,2837.4807820835085,1.0228215767634854,1,5.038783042803385
1.2,0.42052601232440084,7089.30688940144,0.995954356846473,1,2.3914617672197895
1.2,0.38594628057920694,2284.720171899927,1.0137765128387168,6,2.634258660619422
1.2,0.366508350252605,6527.932318253884,1.0299050199590631,11,2.4247100055250406
0.6,0.15395314238068197,1575.3340309894472,0.9981039633626224,8,7.251643160825174
1.2,0.37975471798689836,8612.316745810816,1.0217685178608582,5,2.4626813062925628
1.2,0.35747655264854844,5972.242358384908,0.9944064026166235,6,2.695444433938531
0.6,0.14988475420657563,2302.4801393581847,1.022218816080698,10,7.258220985507967
0.6,0.16299114833392775,1709.8701608928786,1.0225116806333092,7,6.6910494878410205
0.6,0.14968827821486422,1504.540721279354,1.0120400005952521,14,8.576729311287853
0.6,0.19018820246349283,7237.688005778509,1.0224528269571653,4,5.613238916936716
1.2,0.38224076284649666,2298.9461159886037,1.018684172270353,6,2.7265354432412576
1.2,0.3645345253383278,6151.240104987543,0.9830733700912602,10,2.7097323365198824
1.2,0.378666422928744,1285.071062135899,1.0044926702142791,12,2.9088995500034587
0.39799999999999996,0.20279039727574213,7193.416328631354,0.9951692539499356,3,8.863832034849064
1.2,0.41131406785853997,2459.818534885502,1.0227465101965612,2,2.3601513188909764
0.6,0.18358728367246469,2075.7457628247475,1.03064102180304,4,7.036747103587619
0.47100000000000003,0.18223889380752578,6000.355401390127,0.9947595729225357,5,6.987215824485628
1.2,0.39108957063295563,1658.2071188231637,0.9911993517994907,5,2.9416806620568754
1.2,0.379719147492796,6442.944425349961,0.9944606975408581,6,2.622634708194476
0.6,0.18136373847012244,1894.113310199248,1.0153761835448427,11,6.565413826770343
0.6,0.1429117391885256,1456.2784779415033,1.0142211541901744,12,7.685815808388913
1.2,0.3741018555792062,7277.352751325568,0.9943676898822291,7,2.293516566186558
0.6,0.15866475101787073,2495.0061726493327,1.0223992150644812,7,6.848787820333399
0.6,0.15148372271935892,2763.174385191434,1.022368996846963,8,7.153563841340431
0.6,0.2747949900556324,3665.5592225673963,1.0228215767634854,1,4.47226745830792
0.6,0.1837937066249146,2035.9686616123497,1.0218038979396407,4,7.083602376091762
1.2,0.3880780013984598,2367.3224891341933,1.0259657745788577,5,2.843097072632835
0.6,0.1527306828356458,1503.2476148315445,0.9913370401682144,10,7.402836350023607
1.2,0.3641565966898404,6061.173116091616,0.9949862726747359,4,2.370108105017755
0.6,0.22926951289064076,2876.061935446262,1.0330617781955858,2,4.747526079945198
0.447,0.15665902596734588,5151.995067607317,0.9936704173390631,9,8.978394488247677
1.2,0.40258158742191225,7049.679142859211,0.9956442836354873,2,2.441196096534938
0.667,0.2142551625844479,2199.6306906356663,0.9932884731174413,5,5.375388624986716
1.2,0.3826325995780234,2145.79044940119,0.9803592596724737,6,2.817318735101066
0.6,0.18507581099289477,2116.2717216959577,1.0196196793079584,4,6.46141905110918
1.2,0.4267720807392179,2512.4955466737074,1.033162489626556,1,2.4819889027096522
1.2,0.38752326760704014,6682.220557206545,0.9918252905824437,4,2.4934318701973055
1.2,0.37226407775467074,2239.943185856881,1.0183286441453214,4,2.617411593294417
1.476,0.4066701455409084,2079.5350157241355,0.9899679811695745,8,2.0384378142018202
1.2,0.3388623661878489,2195.7999596810782,1.0158110646877314,9,2.862102612552117
1.182,0.35821573707466786,6125.915873794503,0.9926527492633489,12,2.84012820027811
1.2,0.3227639127193705,5252.933785952371,0.9936936481520069,8,2.6036668708221202
1.2,0.38594628057920694,2316.9980391989643,1.0227620701380138,6,2.6122005978378375
1.2,0.36286503831280353,2106.3754563386756,1.009004806606184,5,2.72024246701419
0.6,0.15823953230754292,1678.484668038478,1.0223509142039306,6,7.172885540235175
1.2,0.3453220177211244,1940.2471360231825,1.0118869392639802,12,2.6968572296472266
1.2,0.3795391894010826,6531.404695461528,0.995914284372614,5,2.7652585853089127
1.2,0.3762471121012902,2084.241329256639,0.9919058085186961,11,2.7554961522002213
1.2,0.37120091002272243,3862.8804390507603,1.0173847241738911,11,2.63229544794703
1.2,0.3821198255836797,2236.0289691744174,1.0223555662678359,9,2.679013932014494
0.6,0.1615083261704749,1798.209390298022,1.0315859140601846,6,7.4793638741361015
0.6,0.1703585805941055,1840.6115300897077,1.030426040322257,6,6.157096233631416
0.6,0.18358728367246469,1907.304665608457,0.9826486949809456,4,7.380420146135495
0.6,0.1900298868529184,5875.906256057921,1.0218005811517796,4,5.771981470844937
1.329,0.3836551880594294,6376.45980579653,0.9944749977305367,6,2.3442268156875836
1.2,0.38003562873530244,6489.983413841765,0.9941678156195778,7,2.6196605318053705
1.2,0.42327558236869517,2471.321723649905,1.0042346554157113,2,2.5063095467458063
0.6,0.1617562411736685,1700.5239259594562,1.0164388913282572,7,6.929456469482914
1.2,0.4192892250796648,2559.4299808141222,1.0218571574156279,2,2.604163370251801
0.6,0.17953775333751912,7515.284500925267,1.0223242950905314,5,5.16638084354478
1.2,0.367653985971302,7851.403594859549,0.9944946524484635,7,2.6710843362464782
0.6,0.185635850119182,2051.3147708729334,1.0223822725925578,6,6.573604263849345
1.2,0.3782935664488332,6462.39633467299,0.9954957156639683,6,2.51284708651797
1.2,0.3865880543205554,2248.616782453127,0.9958586091234223,5,3.009777822300845
1.2,0.36483299555163456,6067.242962520587,0.9949777060800714,13,2.634895808715709
0.324,0.11207963523800124,1144.6230740244296,1.0219985573014463,8,15.06030315017955
1.2,0.41149306797665236,2487.804710316953,1.0193851566277088,3,2.5491059520366623
0.6,0.19499552302444415,2237.777067995303,0.994535638102903,3,7.040861876571136
0.6,0.15359197695875243,399.02502137369754,0.9912105032151616,12,7.915211539978414
1.3530000000000002,0.3504376923126524,1953.150316854827,1.0110547906282554,13,2.6110929787322683
1.133,0.4038957852917595,2511.2544470209314,1.021813311938849,2,2.500359733732805
1.2,0.3361217523236025,1887.8722958004905,0.9997271284402209,12,2.903402091385017
0.6,0.20345876682789582,9313.985440293065,1.022416093120585,3,5.2844405903293605
0.6,0.2312373487833951,4988.59436868155,1.0223421432518571,2,5.21216535716331
0.6,0.1495880755114195,3781.559377820356,1.0223663760184267,8,6.978751771547121
1.2,0.36961832273067424,6348.627050151027,0.995040547682213,7,2.71763385861223
1.2,0.3865880543205554,2243.411139409444,0.9941918063484048,5,3.0148238365552
0.6,0.27271583922436593,2681.925796019771,0.9986795020746888,1,4.985797249264719
1.2,0.4168884823951243,2535.9730079650753,1.0220420211204646,2,2.483067867029563
1.2,0.37775982763454097,9044.222751518426,1.021559233982136,6,2.3266133890716123
0.6,0.16181746670023747,1749.298838951671,1.0220369222732442,10,7.979794658355414
1.2,0.39248934463382146,403.97061667130225,0.9868778922436876,8,3.2756567520879947
1.2,0.3866886112949241,2402.459514974489,1.0345419605823836,3,2.5510799993029805
1.2,0.38539061318970846,4854.045115399428,0.9943318414874175,5,2.7266783434968085
0.496,0.16381933596394044,1873.042395689285,1.0181835551362501,7,9.39749884811631
0.6920000000000001,0.17289006146689484,1764.087800962423,1.018280267035991,7,5.974135305920433
0.6,0.15909763802226612,1670.965111418819,0.9971914999825078,7,6.903510083070384
1.2,0.37433146585827026,2201.0472830062135,1.0149962937011618,14,3.2778274792510165
1.2,0.4095193718474803,2341.268947767533,0.9850126770662533,3,2.6350227206773105
1.2,0.3956662345621364,2278.6283977309135,0.9941492013879691,3,2.7377254579596966
1.2,0.33491555276370566,5629.893158761461,1.0196683883954674,10,2.5650840462823594
1.2,0.33617317739017705,4650.339290041912,1.0198011373246487,8,2.725500433268729
1.1079999999999999,0.36325642930736096,2242.663280900379,1.0197872451653307,4,3.1458915976221866
0.618,0.16186638637096204,1808.5573064883738,1.022276349667276,7,7.623874338498567
0.6,0.2753002753350639,2793.0793562911467,1.016395020746888,1,4.726031995373555
1.2,0.38899873709270594,2255.178182768929,0.9956713399095342,4,2.904889823828742
0.6,0.15304031726432066,1660.5193234022245,1.0325327706895473,8,7.308628756982292
1.2,0.3783357082618888,2311.802727266461,1.0180042099062494,6,2.895863220521922
0.42200000000000004,0.21080837546600406,2769.2715559797484,1.0226968525486186,2,7.782138750432529
1.2,0.33527773306877473,3910.83259211147,1.0183480000487906,10,2.771176892505551
1.2,0.37491357721662905,2243.2001703418537,1.0199789015597769,10,3.131067139281602
0.6,0.21999538958160475,2673.6522820134787,1.0227139350713188,2,5.4463947867716955
1.2,0.3568462259882579,2164.6363779688927,1.0228013828606468,6,2.678348943716222
1.2,0.3821198255836797,2206.487213941856,1.0136616827996285,9,2.701991060705312
1.2,0.3869339638078935,4960.455237458559,1.0218587662450502,3,2.4299365072338066
1.2,0.39267931083948404,2342.7153173323964,1.0199583902887062,3,2.601449852118797
1.2,0.42086318437200637,6785.118453931143,0.995954356846473,1,2.2118651517690417
1.2,0.38943898560490303,1291.7622347593333,1.0094912263638143,9,2.6920606879802094
0.6,0.15274306694705117,5100.209401872009,1.0205804415515227,9,6.2813670759309925
0.6,0.16033773168886833,1618.886378627079,0.9904589388528523,7,7.467398961837528
1.2,0.3935169532315459,2314.709850141444,0.9953881472840683,4,2.92601539174484
0.6,0.23273279717710743,5628.179580876158,1.0227252424855047,2,4.577433790068769
1.2,0.38016470419033066,2297.282748117547,1.0198553355632634,4,2.581500792180965
1.2,0.3566370499820508,6064.804798536818,0.9946842184460899,5,2.6307492757469633
0.6,0.19303813553061028,2003.8863809692946,0.9846363935185479,4,6.503962244545485
1.2,0.38224076284649666,2298.1530953698016,1.0184374577435473,6,2.727195941239033
1.2,0.393641115488038,2347.114759029825,1.0022668656474383,4,2.9023168799492156
1.2,0.38991756515758175,6793.027831658735,0.9958743891178823,4,2.5723758456484904
1.2,0.3872540155144672,2304.3287445509436,1.0167638212907306,5,2.875931225537997
0.6,0.15324698909941073,1580.9007790913536,1.0220183266685336,10,7.0908074743131095
0.6,0.18311634889652373,1926.964661617492,1.000585974374147,4,6.6288154397769015
0.52,0.16088070559973208,1716.7634497329434,0.9910829071096027,8,9.497173911392423
0.6,0.14432491200560707,1431.7200467966327,0.9952239447247122,13,7.850386145237339
0.6,0.20998473793105193,3850.758016616381,1.0226616561778579,3,6.190243362319191
1.2,0.37132472269105804,6789.689801407058,1.0311993531551213,7,2.72051448431356
1.2,0.3493575168816057,1979.2069582604686,0.9871784750086987,6,2.96110068753872
1.2,0.411062391542478,2347.785614856163,0.9938043095320662,2,2.440969248420867
1.2,0.39449350213854956,3213.3230741009497,1.0213323254581874,3,2.83163072991227
0.6,0.22938833866266542,10351.07389427127,1.0225980498088993,2,4.73016664304618
1.2,0.3821198255836797,2096.0504122741377,0.9849294423473487,9,2.7808132113266524
1.2,0.3861453210727447,3968.4303027697283,0.9939722028168295,5,2.808232181851335
1.255,0.3696393018235695,6012.89572345837,0.9932760216510049,10,2.511786917208728
1.2,0.40005619154682215,2429.713269608652,1.0208748601938356,3,2.658794528727017
0.6,0.18939906998572278,3957.9364159064844,1.0214862583604731,4,6.152543688180325
0.6,0.20831791242950892,2293.8375869820325,1.0205642813910831,4,6.262452803468712
0.6,0.2753002753350639,2771.3008457753035,1.0119219917012447,1,4.746922615954301
0.8390000000000001,0.24549638703438625,2223.0865629165532,1.0203538104746308,4,4.436095345179932
1.2,0.42706391816954514,2469.253951520257,1.0228215767634854,1,2.431627790772222
1.2,0.3789973472215345,7455.285300428703,0.994659465311594,6,2.400994919068359
0.6,0.23797623748846325,2884.909981807076,1.0220554611327537,2,5.243596175884445
1.2,0.4247203795351479,2497.8790047734324,1.0141603319502075,1,2.7347430493333396
1.2,0.3543850959283157,2049.093967361185,1.0148920815424087,9,2.7398784138360606
1.255,0.36853160426545195,2133.077406363117,1.0223768158086963,5,2.5788599677578574
1.2,0.3695742057830869,6474.786029717898,1.0054401199922018,7,2.6892388019523383
0.6,0.22926951289064076,2824.631585141112,1.0226404776391198,2,4.79590612871169
1.2,0.36662327217780166,6114.158063513185,0.9930809338534312,11,2.5108988001227983
1.2,0.4189089409325857,2562.200301022904,1.0266099343630362,2,2.5551555394210577
1.2,0.3713339818035146,6362.109802657154,0.9944072750300874,7,2.8208394294346903
1.2,0.3322562738469005,1919.9224467922545,1.0147885758757793,9,3.0892204573040933
1.2,0.35680740357780155,2095.1156311011046,1.005638868162456,5,2.9318190340977948
1.2,0.34461402583022,1921.476013401397,1.0098999536496849,14,3.0006423070494774
0.6,0.27163486683411797,4961.56139690396,1.0228215767634854,1,4.774415808471585
0.349,0.1808492334430941,5810.660293331901,0.994756458119453,4,10.072422778875444
1.2,0.35994519669505026,2114.005009597772,1.0168734853971446,7,2.7138660282165703
0.863,0.258176377687613,2068.0850892662693,0.9892878224279806,10,5.086381579527073
0.6,0.19303813553061028,2084.4585570044605,1.0061934944561561,4,6.364618697431974
0.6,0.230994457659216,3210.255863258213,1.022124137064782,2,5.216857926090979
1.2,0.3706936729927374,2081.7104262955463,0.9787552245168617,12,3.0466797905479344
1.2,0.34589965794709915,1949.204151838507,0.9904795020346583,7,2.893048899561782
0.6,0.1444447203021295,1499.120124678243,1.029780646294863,14,9.067518631889538
1.2,0.373833195308584,6950.944568218876,0.9945658924128067,6,2.5134429710737374
1.2,0.3191221514915891,5158.951229199,0.9927823688447592,11,2.6835392229875765
1.2,0.35985286424440244,5969.036526074726,0.9946814651743444,5,2.574571633521425
0.6,0.16466958097042483,1724.858206059066,1.0222788720232532,7,8.198336339880381
0.6,0.15042320616366198,1497.7769990928186,1.0094614996344542,12,6.8677877089049595
1.329,0.36001515787215604,1949.5057939970332,1.0219434167175767,9,2.313569942517519
0.79,0.23560396296323077,2252.03083960351,0.9932344284917902,5,4.857736917952826
0.6,0.14943535722717166,3085.1197402746316,1.022254948782785,11,6.787244975167354
1.2,0.38360067184748586,6572.482184057852,0.9958664589867603,5,2.602716854450574
1.2,0.3822994118770385,6456.303931194251,0.9953062413847222,3,2.303425258044595
1.2,0.4113044058466579,2355.934394993591,0.9899765762243306,3,2.6291739748610907
1.2,0.42080843785939087,1796.4520974347436,0.9947656851078994,2,2.648034649451603
1.2,0.3561257494032728,2046.6252857540526,1.0139768436145444,10,2.830062339793575
0.324,0.10259892507291342,1025.8166523442399,1.0214686473684162,13,17.648269481327475
0.6,0.23250952340308922,2738.8785665176074,1.0111270823599066,2,5.574897318882613
1.2,0.41852268024350575,1474.245950065099,1.0211551764090745,2,2.5386511496922193
0.79,0.21356698785484757,5616.426970496831,0.9928840446160716,14,5.187790658088696
1.3530000000000002,0.37427081818258867,2123.190447927095,1.0223824107122232,5,2.2041168549910606
1.2,0.42960357083084993,2584.1516321360186,1.0228215767634854,1,2.5542680937809132
1.2,0.3743562650400831,6709.715849273554,1.0222417848733685,7,2.3090531030804433
0.6,0.19499552302444415,2350.166811875878,1.0217655827142107,3,6.853223652933176
0.6,0.1648745775439376,32.399798132434526,0.9970433334651032,7,21.75123624713456
1.2,0.3797270949185842,6452.808544295983,1.0001761754987184,6,2.463650279878379
0.863,0.2744833220726621,2458.058433866445,1.021125555734176,3,4.40452576219013
0.6,0.15365365179704676,1707.3051388633903,1.0174147613926623,8,7.857435300496236
1.2,0.39159114694136077,2403.347569785606,1.020837840143232,3,2.752829704399241
1.2,0.37464514717658814,2239.0638420009127,1.0150826049114383,9,2.784908959693366
0.6,0.2768979456739509,2902.2610840996213,1.0228215767634854,1,5.22010560345037
1.2,0.34238688614897467,1991.6120896355817,1.013735803792951,7,3.200923292940742
1.2,0.33698120016887784,1840.1164146034591,0.9855269306845047,10,3.3779733901435756
1.2,0.40396737128821175,5757.068805857833,0.9952219154195003,3,2.3887852662146387
0.6,0.18413031088657283,1923.8062541110958,1.005407207574125,5,5.599502217319905
1.2,0.4269108298236705,2349.174905254276,0.995954356846473,1,2.5181340595580015
0.6,0.17679192306191568,1821.9784061718299,1.0037178609539894,5,6.825642011403629
0.863,0.3085773360761069,2699.6600424587,0.995211348402508,2,4.305630152862352
0.863,0.2562827564528163,2138.1401807290895,1.0130581659485824,13,4.332089390660101
1.2,0.42536911914755343,2305.9061910063533,0.9867885477178423,1,2.6456441007667517
1.2,0.3715841290974405,2178.787798107455,1.0150199200997816,9,2.6847557798931194
1.035,0.39602453716151736,2567.229633400537,1.0217992430809808,2,2.869279970983463
1.2,0.42556210288435364,2423.2343921579654,0.995954356846473,1,2.71630984055853
1.2,0.3725572538888067,2120.1029591827037,0.9919831972272048,4,2.8075900819367425
1.2,0.377896696366113,2138.9138094867662,0.9951815790510353,8,2.822616305056032
0.6,0.23722094576503602,2792.470983465889,1.0245545824336235,2,4.660129864415109
1.2,0.39463053393775493,803.8583214232829,1.0169483462523163,3,2.858691310227501
1.2,0.42471715454147274,2418.4230899527447,0.995954356846473,1,2.784291813952845
0.6,0.13811840459517372,1441.4087959602643,1.0219940688170834,10,6.918636566946135
1.2,0.33736871061022905,3446.6827805139533,1.018316608949837,9,2.79590980471744
0.6,0.16926553345871231,24.65475236780851,0.9352697095435684,11,18.96755943024081
0.6,0.20886942749186785,2295.7704019145003,0.9893207541963229,3,5.948451956750382
1.2,0.40678780220465555,2404.5416639204914,0.9934322647886312,3,2.590718938297735
0.6,0.18940306871855553,1961.0967140133246,1.0223805039796807,6,5.943553573051973
0.643,0.19026423917356983,5812.342380267122,0.9944637504340161,7,6.276115024453236
0.79,0.19340021212772174,1877.932364082357,1.0221139130136703,9,5.006702135111321
1.2,0.40018701593991324,2338.7931777066133,0.9933291945811604,4,2.77613844800569
1.2,0.4095193718474803,2435.5130065952394,1.0066094107390806,3,2.5784884946774427
1.2,0.39148920315342517,2249.2618474906417,0.9909092708457347,3,2.4901370254066926
0.8140000000000001,0.20214833347793162,1684.9159942850029,1.0148578967455593,11,4.824300110617181
0.6,0.14896890121603648,3163.3076885914684,1.0222970874812076,10,7.117576038528392
1.2,0.3714319250321928,3820.4005449048627,1.0210479835686095,4,2.77714135921734
1.2,0.33679779774706675,1941.5334800747323,1.0186589863983617,10,2.841821369197858
1.2,0.42534368377518544,2403.4496977491813,1.0096873029045643,1,2.4910283814511542
