S,Rem,Prandtl,colIndex,nusselt
0.6,2970.574132950189,0.7097933315185792,2,46.64852523605866
1.2,640.0978490324032,0.7078382344576947,2,17.096753791336354
1.2,7109.883470015752,0.7080776667182422,1,84.0375253902368
0.6,1951.0957813421185,0.7097722651502855,14,20.35925958839478
0.6,2278.7850140450887,0.7096938847226278,4,36.06726410209595
1.2,2294.96773194004,0.7072953748819635,1,40.18710382206236
0.6,1769.4546198374303,0.7094438005022352,9,22.645620775965117
0.6,1526.9185331024007,0.7092559442763087,10,19.705713790436658
0.6,2030.9380249870067,0.7096413332600529,5,31.041982779889835
0.373,5543.75017343431,0.7079772701572299,5,74.9018694233462
0.6,1568.4758218296197,0.7095269363671994,9,21.123345749439547
0.6,2026.177503187036,0.7098248050599499,4,33.08683319674532
1.2,2157.853544637474,0.708127116316724,9,26.971229188849808
0.6,1461.8819118300814,0.7088441588502935,13,16.261485196810693
1.2,2114.7594752446926,0.7078235099148452,5,30.754488216005093
1.2,6468.536634711303,0.7079516384099587,7,66.79554400568674
1.2,2247.5315343721236,0.7099468441232838,9,28.22136391664918
0.6,6926.151739702505,0.7097998620840874,7,82.24801379111675
1.2,2106.0594776846506,0.707983871141631,13,23.555681027501564
0.6,1594.2406206067815,0.709800937611153,8,21.84253803386576
1.2,1964.1430861901554,0.7077324915622868,6,28.27260282278605
1.2,2372.439524944152,0.7078925573653319,4,34.4677899896227
0.618,5657.221785861233,0.7079532164043428,8,61.0218047845478
1.2,2231.8681371073126,0.7096643090304413,4,32.99108226074591
1.2,2284.625981095701,0.7093393081554386,9,27.79165834963778
0.6,2265.436252501155,0.7098256765323517,4,35.38986823991611
1.2,2207.2944301636962,0.7090227869247454,14,22.804310291165383
1.2,1879.6504746078135,0.7080467375882328,10,24.0417313782165
1.2,445.344783089559,0.7080776667182422,1,15.641693201845078
1.2,7300.211381083029,0.7078467220645377,14,61.43229314485584
1.2,2388.2230762030867,0.7104005250089774,3,35.60568876062848
0.545,1761.256333045852,0.709346497016739,11,20.578726500042045
0.6,1935.0372572557148,0.7097821189081406,12,20.556733857250112
0.6,5512.8980861170885,0.7097897678711972,14,52.55011973787774
1.2,2489.5222240883386,0.7096690794284145,3,36.866051372623986
1.2,2174.6280295636334,0.7101180532658812,5,30.46637242048274
1.329,2116.3471498822573,0.7077101577116715,7,29.12819054451631
0.6,2672.749637179855,0.7077800900829786,1,50.03782083760213
1.2,1919.4755520652268,0.7073200090320243,13,21.679010382488322
0.961,2252.0119010359363,0.7094147841044047,8,27.716915102913607
1.2,1807.2213751270515,0.7073715837908601,12,21.632459256968136
0.6,7487.103263263887,0.7098256425036763,3,94.0393054683879
1.2,5936.662695436845,0.7095403219654266,14,51.749563486406515
1.2,2086.652943961996,0.707701668992294,7,28.57355984261609
1.2,6382.723404481848,0.708030813395728,3,71.62801052839824
1.2,2348.2198998806116,0.7097120699282605,3,35.22433694485024
0.6,1595.6877649562598,0.7083954354027291,7,24.14363952813306
0.6,1502.0567913841674,0.7103816869249282,14,15.941450358437612
1.0590000000000002,1883.6444758349796,0.7091114619828408,12,21.846010132269814
0.618,3057.5281506649603,0.7097940817161175,2,44.78696024835987
1.2,6055.742097548309,0.7079294407227311,13,55.85507857588414
0.6,2795.9010704507155,0.7098435803104706,1,51.24208562456757
1.2,6912.390450195212,0.7080769668425126,3,-0.0
1.2,4445.291467855791,0.7080103865250023,3,57.5075366544279
1.2,4049.62137621189,0.7096465492816459,7,46.56235797795638
1.2,2360.9841240084975,0.7097324095149602,4,34.32797084365298
1.2,2299.7147540795077,0.7097019814240851,7,29.669847756317196
1.157,2452.4680181628605,0.7080149680281685,2,38.660754159577266
1.2,1979.9035407918257,0.7090294487733337,7,27.0546908865023
1.476,2164.723392238135,0.7097157962367714,3,33.99466197691194
1.2,2459.2498848751884,0.7080158560420822,2,38.450061233026915
0.6,1784.9120381628472,0.7098179855687686,5,28.38423548103736
1.2,7180.465217595459,0.7079464981632223,8,69.42927401196796
0.6,2446.079013454674,0.7099808050888216,3,38.02657826930893
0.373,1432.8367870906802,0.707576699349077,10,18.468378550615125
0.937,1867.0197095863311,0.7097811849935488,10,23.157645282912725
0.6,1960.7063268991935,0.7081905471195198,4,32.27115338189781
0.6,2738.4187552653743,0.7098368327669339,2,42.25518798894081
1.2,6400.097865844622,0.7080716444525003,7,66.02373389410567
0.373,6767.753603704175,0.7080188259056422,3,90.27189046839779
0.6,2771.3008457753035,0.7091302589649989,1,50.87681056890808
1.2,2254.4492969808084,0.707890263425374,4,34.36425601276447
0.6,5711.880393067534,0.7098249387141529,4,74.52086031393995
0.6,4194.770070679272,0.7096902571562136,8,49.507213876979975
1.2,7643.396366083302,0.709747351762974,6,76.01550052728095
0.6,2348.294792794202,0.7097149139393536,3,37.638466964155874
1.2,2455.7858424599835,0.7098435803104706,1,41.57587630880783
1.2,2018.0992471738355,0.7078203755452794,5,30.143872014036834
1.2,2291.8781723897396,0.7080776667182422,1,40.15896443674788
1.2,7381.456292818664,0.7097638000510118,5,76.78222770657365
1.2,7163.344618195755,0.7084132427087997,1,83.89784007933812
1.2,7020.870069992005,0.7080680514129943,3,77.84812356696804
1.2,2268.9203649254277,0.7098610667525451,8,28.618844357759976
0.6,1714.1092749935126,0.7085883049976808,6,26.900282102794378
1.2,2535.9730079650753,0.7098282333150832,2,39.35398714853717
1.2,2390.5843641827396,0.7104269223257297,5,33.17213969083774
0.6,2515.665959135358,0.7096976035811773,4,37.89866985848756
0.52,2782.907953949216,0.7098435803104706,1,52.41758647389412
0.6,2824.4932274115417,0.7097693704887265,2,43.76944981835398
0.937,2025.966998976527,0.7075585571780841,10,24.574705734397238
1.2,2127.116871247093,0.7095163980542165,6,29.702319857919733
0.6,8194.076890269587,0.7098332382625211,2,96.69186809026827
0.373,2993.8064266105675,0.7098435803104706,1,61.94685266008786
0.6,1715.5304331640439,0.7098999109363445,7,25.03584584646838
1.2,51.13686204334839,0.7098435803104706,1,5.116911264423711
0.42200000000000004,2537.1319563756088,0.7097329888974487,3,40.50689518042778
0.6,2827.3880968302446,0.7098435803104706,1,50.20062736024873
1.2,3164.6756253548283,0.7096586756648099,5,41.78023156305063
1.2,2475.106885697982,0.7100183246075206,2,37.545342647857645
1.2,1953.5946545763475,0.7097443650851734,10,24.51087175072528
0.6,2351.434210009022,0.709814592656735,3,37.72533109856629
1.2,2333.7885786935785,0.7097823506761726,3,34.82703088940559
0.6,5267.579208373721,0.7097977202155282,12,51.83378225406835
1.2,5468.171964496039,0.709684526569191,7,57.57782392097097
1.2,1943.2535220731934,0.7093087516157913,9,24.813602182698254
1.2,6357.175056427589,0.708074622891484,7,69.23640011073263
1.476,2338.4991336986714,0.7098435803104706,1,39.58256205230075
1.2,2343.9701721594006,0.7096951544437173,3,35.81802560100858
0.6,3226.458258908633,0.7096775572856341,7,42.36856346250624
0.6,4828.633695582992,0.7098092317935016,8,57.73078370584234
0.912,2714.948856660836,0.7097288635741226,3,38.914028933602864
1.2,2358.220167197735,0.7098434343927249,5,-0.0
1.1079999999999999,2034.7424861308862,0.7094449024130085,7,28.166435730158646
0.6,1734.944612752462,0.7097595957204506,7,25.033330311851383
1.2,3263.9341307229365,0.7097477419314983,3,44.27256959917255
1.2,6413.410664666353,0.707991564025401,5,70.24678245144683
1.2,2235.6897981610214,0.707962189213453,5,32.16737486335306
1.035,1969.2166812384364,0.7093741662953259,8,26.38244407289009
1.2,7020.322196413593,0.7080776667182422,1,81.92675974178137
1.206,1934.6582884043407,0.7097700049655287,11,23.648702744029855
1.2,3847.5747948398325,0.7094519857048488,13,37.5677008702386
1.2,6157.44012712136,0.707680610113269,9,61.24531804235006
1.2,6429.696718277096,0.707996509101164,6,67.79270993162942
1.157,2196.7632507417493,0.7092703287865948,10,26.446981367097287
1.28,6710.739630751663,0.708014228718213,4,72.31694921399304
0.863,1876.0300695022065,0.7097992089144258,8,25.148510508409906
1.2,2363.0085696616175,0.7097809315392981,4,34.349859792306255
1.2,2215.087531349151,0.7094087553640601,9,28.041637865192445
0.6,2310.629054690574,0.7098396013030386,3,38.41304560198814
0.6,2707.4027872999404,0.7096070377674311,9,32.79125722894762
0.6,2604.8916641080004,0.7097443654788796,3,40.885656632596614
0.6,5192.248504970972,0.7098120576445284,7,62.28727867230924
0.569,2513.354205307435,0.7079800421720739,3,40.98142491794184
1.2,2311.220749663965,0.7079515519352565,3,35.58494411386012
1.2,6374.864846851133,0.7089071502105831,8,62.86500463898621
1.2,2297.9460598812116,0.7078315433655185,5,32.702779847910804
0.6,6105.833034962088,0.7098363881627908,2,76.48307605138123
0.447,1687.6654925632872,0.707713965412531,8,24.011795095927376
0.6,3094.552150760262,0.7098031901278097,12,31.06780154015366
1.2,4762.6366581361,0.70969617617306,6,54.375424628784806
1.2,5138.191176678985,0.7097018069291685,6,58.3178836224615
0.6,2188.9375459739767,0.7106036119470929,4,34.30579422867963
1.2,1947.451990070824,0.7095074649754042,6,28.00343930200871
1.2,2532.1401283602668,0.7097790586267568,2,38.98642289888997
1.2,2248.8826504150325,0.7097343699913371,10,26.447318398793254
1.2,2134.3106019234797,0.7084504614420947,13,23.657946901576295
1.2,6902.362131302243,0.7080343608591722,3,77.45028021444013
0.6,2935.6837325200077,0.7098435803104706,1,54.08172628530184
0.6,2798.5777603727884,0.70979908495969,2,42.92244563116706
1.2,7556.315387038703,0.7080573100107111,2,82.4184975091677
0.6,2910.2069965438077,0.7097935569901079,2,45.24977715574069
1.2,2478.5891090893774,0.7098435803104706,1,42.10503935011334
1.2,2232.573215466795,0.7079480900369101,3,34.02718702365342
1.2,7495.851116148971,0.7101589391727428,1,85.79277667869647
1.2,1999.2096604567218,0.7095367474321013,8,26.513599549753305
0.6,1260.6913675133815,0.709764764806275,14,14.225238489020292
1.2,2258.584441563515,0.7077091606153352,7,30.450872490276012
1.2,6440.349969760867,0.7080756337193431,6,73.63191868754798
0.39799999999999996,1868.8877358702475,0.7098207614661997,4,33.968044637049374
1.2,2283.9658383440224,0.7079503165971972,3,34.581212382567514
1.402,2313.2936333612047,0.7098435803104706,1,39.807168718522966
1.2,6517.843860617011,0.7080121507432219,4,71.554583437979
1.2,2183.2750456991453,0.7086644973696751,12,24.3860935991881
1.2,2062.7902048592036,0.70776028544224,6,29.069566656315697
0.569,1803.1959225894054,0.7098125398544467,6,26.920590649046435
1.2,7466.670275365417,0.7099882020364016,2,82.1791103903639
1.2,2030.8218178661507,0.7068200073879926,11,24.827864390518855
1.304,1968.9250283999065,0.7093901368740846,8,26.325998575624777
0.6,2618.603340548812,0.7073139065110824,2,41.08136564879145
1.2,6164.9268007705405,0.7080357794825617,9,63.09824155578733
1.0590000000000002,2571.844732726604,0.7098435803104706,1,43.413248008743054
1.2,2428.523948457358,0.7098343762025573,4,35.189725983222885
0.863,2217.7169235422134,0.7098243291895162,4,32.724630496506876
0.8390000000000001,6143.187282011435,0.7079518398225939,8,63.5096581084517
1.2,2004.9654516610256,0.7096627243972129,8,26.55884408720053
0.47100000000000003,1233.6099529184644,0.7093558905095558,10,17.37683104796423
0.6,2430.3675684131217,0.7098154940950632,7,33.77014953002461
1.2,6573.101217047948,0.7080762359531864,5,86.33442898886088
1.2,8198.827494830359,0.7098435803104706,1,90.23225458397887
1.2,2043.5342714136261,0.7077603418528726,6,29.26884518846734
0.765,1967.7998980090022,0.7074737262334135,14,19.561114793588374
0.6,2827.3880968302446,0.7098435803104706,1,59.40908045727028
1.2,8588.311236719015,0.7098052586936574,3,84.96366484461112
1.2,6120.263282720065,0.7079165439021503,11,58.17763141327862
1.035,2044.230021310368,0.7097980563989976,7,27.741539314329746
0.496,1358.0272912828245,0.7092109567074922,13,14.237113294945733
1.4509999999999998,2107.8890941524223,0.707774792004419,6,30.620365337395466
0.6,5642.581293788908,0.7097412514363588,6,65.99212320056178
1.2,2386.7797110460033,0.7074403186812284,2,38.328674908650235
0.6,2643.4189620109046,0.7073641763964656,1,49.75823819440961
1.2,2423.2343921579654,0.7080776667182422,1,41.63657788218782
0.6,5324.332792956766,0.7097224216324841,7,60.252473444511594
1.2,2454.567782805581,0.7080159149012792,2,39.07864960888684
0.6,1846.5339283660853,0.7091438154132933,5,29.32886847152076
0.6,2369.666724561857,0.7097405539869253,3,37.354521899917295
1.2,6027.658014067096,0.7097226745556431,6,65.31324995357986
1.2,2185.6381281434647,0.7076999265553118,7,29.211830341590495
0.961,2203.4838664949525,0.7094149325363974,8,28.731222621664767
1.2,7223.030589609461,0.7096677293932512,10,67.19818145503235
1.2,2435.0511193373018,0.7096283284989431,4,34.79195927582043
1.2,4958.791538678342,0.7096966980209836,6,56.84817420870952
0.47100000000000003,1684.3867579855487,0.7098103026005226,6,25.79649127269922
0.937,7355.501400487892,0.7080369398623529,3,83.18735770695015
0.6,2729.21361074266,0.7089071844856818,2,42.044214868586295
1.2,2243.825412634889,0.7079621889260229,5,31.909603996204062
1.2,2310.3762015238185,0.7098331927781367,7,30.024215506909474
0.937,2190.8818554895247,0.7096588440161163,4,33.2826124396491
0.6,2680.5820888739963,0.7083423540033913,1,49.84936297920453
0.863,6097.204475828566,0.7079314299941082,9,62.2340273014279
1.2,2206.932672180593,0.7090999651236726,12,24.528332288431212
0.6,2443.6659864316975,0.7098311099986218,3,38.87662879375582
1.2,1951.5990380013855,0.7097010178387689,10,24.493951783810452
1.2,2541.0181684154086,0.709806503530275,2,39.53191736287426
0.888,2814.4729921162166,0.7097880136136321,2,41.580312942422935
1.2,2039.7476243763624,0.7098346052573573,8,26.48085342808059
0.765,2485.892164405372,0.7097431998364695,3,36.52567298539658
1.2,5262.1032566608965,0.7097552405001989,4,61.95390487728372
1.2,2541.0181684154086,0.7098435803104706,1,42.60586724038973
0.39799999999999996,1289.3725027473388,0.7093775485015716,9,17.74698740320022
1.2,7857.853241265772,0.709803264608981,3,83.17374512502049
1.2,1636.7211288020628,0.708906371405384,12,19.50076140718538
0.6,2744.2908335651855,0.7098366287613925,2,42.22855580691183
0.6,1685.4109690573327,0.7070474516365135,6,25.639669159594213
1.2,7077.4954910403185,0.7091590588963196,3,77.47785461659026
0.6,4026.8233720191247,0.7098284280288689,4,56.046828042111265
0.6,4205.934422567375,0.709800647071503,13,41.017559788041005
1.2,1971.5423571626607,0.7096545308659515,9,25.30888355960195
1.2,6406.877995069787,0.7086197398024492,8,63.78748653249439
1.2,5989.348590634588,0.7079463535782489,7,62.53440135560023
1.2,5796.463150642991,0.7078624957720592,11,55.41731805181132
1.2,2469.253951520257,0.7098435803104706,1,41.53650741338901
1.2,7131.148691212871,0.7080776667182422,1,83.85034154982317
1.084,2146.2406024800775,0.7095763075905188,5,30.756593823939298
1.2,1938.290989603665,0.7096483484734991,11,23.100654311929546
0.6,2756.075027984414,0.7098435803104706,1,51.675303516710905
1.2,2147.3502056248676,0.7080508834559052,10,25.939184683950348
1.2,2336.979128542802,0.7095713180976582,5,32.82043922593635
1.2,2083.313627936732,0.7078123127659609,11,25.14801218015727
1.2,2162.6359409565775,0.7077827762298337,10,25.434190533891922
1.2,2015.6601691580718,0.7095107572398189,6,28.679324443448717
1.2,2085.869042393661,0.7093520850012511,6,28.618979588843644
0.79,1990.7677396218278,0.70920843489211,14,20.542094229885798
1.2,4249.451514211437,0.709622571565318,8,46.972317717181326
1.2,239.58560727128878,0.7068478786743263,3,8.542458656313547
1.2,47.27996242528176,0.7047956228342062,3,2.9382589365193916
1.2,2275.4653184687045,0.7091777125726993,6,30.906286534142932
1.476,2079.61100266912,0.7077153633354157,7,28.797530460708856
1.2,2595.0488935156523,0.7104691867847742,2,39.81811216309431
1.2,1607.4523940144015,0.7080776667182422,1,32.00037342957188
0.6,1878.7455918766143,0.7096566694619207,5,29.81180195205991
0.349,1494.3259072340848,0.7076769212665601,8,21.04636050616412
1.2,5004.622297913744,0.7096830919825555,7,54.7556955566438
0.324,1401.6950523663352,0.7076664219373433,8,20.776646982450014
1.2,2125.728199812602,0.7102770065999774,6,28.951214510074365
0.6,1517.3185300965117,0.7086403769481391,11,18.335666337982293
1.084,7378.482276317124,0.7080559674706043,2,82.74051293701577
1.2,6573.907785565867,0.7085407091553891,5,71.1693713612713
0.961,2002.5506799736659,0.7094623437166274,7,27.44806943921574
1.2,2352.270727515909,0.707951532334326,3,35.13285972674761
0.6,4139.691178343573,0.7097200404791351,6,52.86700967224993
1.2,5155.409628704652,0.7079222645376338,7,57.20551510978865
1.2,7089.30688940144,0.7080622548993885,2,80.14460833515376
1.2,2541.353671585356,0.7098435803104706,1,42.52204798115986
0.6,2083.6942578842536,0.709814866360504,6,30.5611684327251
1.2,1886.2519039096837,0.7077008294517768,11,22.527866570788373
1.2,926.9415856371763,0.7074879832042694,5,17.937589869265835
1.2,1058.358027012073,0.7091897357144251,6,17.78147445884952
1.2,2227.5208558206964,0.7094601538833143,12,24.630468746452678
1.2,2452.8444047458747,0.7080776667182422,1,42.034556481409375
0.6,1486.2608597893804,0.7080672990986346,12,16.93184180986765
1.2,6334.858237720823,0.709602393579885,13,56.966771919004564
1.2,2312.8328201744944,0.7079910069957848,4,34.346765612247665
1.2,6712.603757789936,0.7079727454526537,6,71.47153075507671
1.2,1600.984740960702,0.7094886437591128,5,25.521210828592547
1.2,6461.672990779627,0.7080238749446282,6,69.95805574694582
1.2,2224.261812484676,0.7096452327829401,4,32.174108562849796
0.8140000000000001,2628.643922512479,0.7097420528278137,3,39.91535207910992
0.6,1872.6696317255055,0.7094945520192212,5,29.74410685970918
0.6,1812.5299514743958,0.7095413650375241,7,26.12285477980357
1.2,7596.022791395785,0.71060892473905,1,86.34955915887156
1.2,7131.148691212871,0.7080772429662963,2,-0.0
1.2,1924.6445871268606,0.7071836917679648,6,28.44517826114078
0.6,1640.8270079935305,0.7094045283855915,7,24.44594090674857
1.2,6979.4479859247,0.7097976628642083,3,76.36172993462037
1.2,6901.275271331272,0.7080776667182422,1,81.82751979084853
0.79,1847.3686786499668,0.7098026100572785,8,24.387988810736427
1.2,2559.2036610783484,0.7098435803104706,1,42.5988902483931
0.6,1498.7066532652634,0.7097949117785415,9,20.081012535369652
1.2,3808.179534930441,0.7078673921516037,7,45.402226525843176
0.6,1483.5462069046193,0.7096585830663064,11,18.661331363399732
1.2,6706.277073413775,0.7097024286727979,8,66.10386567454782
1.2,2375.1082876288606,0.7097125047236419,3,34.98871725233466
0.3,2888.007809667746,0.7080776667182422,1,57.498924771458235
0.79,2736.828626509579,0.7080293717585452,2,43.610026024222115
0.6,2675.6675033182732,0.7082716071647306,1,49.80238005415429
1.2,2213.636755358702,0.7078874332072852,4,33.443052233246455
1.2,2050.480735404632,0.7095627150184376,7,27.750517604272005
1.2,3355.473802326177,0.7095332743982926,9,37.67623911736556
1.2,2203.300761323253,0.7080675196836445,7,29.37918981147835
1.2,7692.290467122201,0.7097832959592207,4,79.31410194551565
0.6,2362.196999588438,0.7098261099137351,4,36.71721539906307
0.6,2089.5567304728106,0.7088953072476066,4,33.65760370025287
0.6,3271.9228955549097,0.7096219017219921,10,37.37885376303853
1.2,1918.0048854188353,0.7093628642800299,12,22.526958902918775
1.01,1827.9397527376502,0.7090401037776515,13,20.49349904651281
1.2,2376.9385984445694,0.7080776667182422,1,42.203425484993666
1.2,6084.005853708079,0.7076304969152515,14,53.548734895780996
1.2,2151.736248632235,0.7080760224689994,9,27.214782647548727
1.2,2192.346829355034,0.7079667725778531,7,29.047942813939287
1.476,2128.554641938047,0.7092889202514081,10,27.38585484878527
0.349,2375.7777458935057,0.7097242940853411,3,40.371325341392556
1.2,7020.769922465923,0.7080669595525758,3,77.82033816026517
1.5,6154.604664362179,0.7079750768938438,6,66.69855281264383
0.6,7074.869287068238,0.7098435803104706,1,96.93876525330595
1.2,7410.065461656908,0.709746293670575,6,74.62667914943246
1.2,1834.5846190970412,0.7077215583569804,14,20.48526487199611
1.2,1933.660006005709,0.7098333574683424,9,24.98552852002057
0.6920000000000001,2387.4244395064534,0.7097430899162663,3,37.861865277729834
1.2,1840.7925842768873,0.7076178733869087,9,24.41022542384249
1.2,2008.6772273135873,0.7076360210279266,8,26.391605292570002
0.6,3227.8063702864174,0.7098120673394108,9,39.00711161538433
0.6,5020.413721593684,0.7098015338171753,11,53.37305913300888
1.2,2305.115466178528,0.7094624092435571,5,33.03964645623591
1.2,2313.7008531543624,0.7078914422360822,4,33.60406377309943
0.6,4083.831322986678,0.709813552815836,8,49.617455388608505
1.2,6397.397593070308,0.708052266742377,7,65.15518729079426
1.4509999999999998,2141.884286575157,0.707774777488305,6,30.670874061451165
0.373,1541.535980900931,0.7091627987657185,13,16.18758737251391
1.2,2403.4731083795145,0.7078652869047141,3,36.30719946152099
1.2,2144.393411511026,0.7096560224283223,5,31.103269176005572
0.912,7152.354427196894,0.7080186366754029,4,80.15500029601233
0.6,2602.8999439056765,0.707226709333894,1,49.10797565055045
1.2,2202.6494668811165,0.707825879402066,5,31.23980251939923
1.2,452.3241207015394,0.7098435803104706,1,15.699131110371619
1.2,6611.332100398051,0.7080753937097224,4,74.7516646277016
1.2,2504.08627818361,0.7105335823955142,1,41.91117656576574
1.329,2143.435913830072,0.7076493120462153,8,27.961454824189786
1.476,6506.469592939674,0.7080365075793784,3,74.22753599696671
0.6,2123.3233411157103,0.7097591627906996,4,33.53073170785108
1.2,1338.6513209054829,0.7094056744791098,5,22.753721852988004
1.2,2469.3545753235812,0.7098435803104706,1,41.2000190822948
1.2,2195.7369802591998,0.7080375962022919,7,29.08576121093365
1.157,2156.1464087446907,0.709813768799454,5,30.845304310338086
0.863,7899.302491302976,0.7080776667182422,1,95.3177502821921
1.182,2056.679133383503,0.7094487528164195,7,27.97362379313532
0.6,1429.0689572107055,0.7084757309248905,14,15.539108994432446
1.2,1434.2440210504506,0.709049954060948,10,19.31243265153709
0.324,3775.5340233125476,0.7078035558252265,13,36.64453788732156
1.2,2165.8557625125213,0.7082695047594426,9,27.01906244466209
0.6,1766.1441571039916,0.7094894042198194,8,23.383049589147447
1.2,6737.847852919753,0.7073216003830457,3,75.63454356955688
1.2,6407.8004589409375,0.7079100405282092,9,63.68779621234182
1.2,2166.7549589769633,0.707478407459571,7,28.86283636367369
1.2,8120.385479354185,0.7080776667182422,1,89.90098945148516
1.2,2292.7365952070168,0.709709485812354,3,34.52743423033297
1.2,1975.007641057258,0.7081613203091102,6,28.801118750001688
1.2,1166.6142139631158,0.7077050338624016,4,21.682807464829693
1.2,4226.363819774194,0.7096375303575667,7,47.38271959651481
1.2,2553.4385061652747,0.7098115918995305,2,39.211093776339126
1.2,2450.9126659843855,0.7097144491413282,1,41.4682940595606
1.2,4626.659093124326,0.7097167539072281,5,55.79239171631069
1.28,2310.9700426993,0.7078924567567819,4,33.661989433197945
0.6,2806.0925607078766,0.7096730326982634,6,38.41345997284297
1.2,6076.596630869529,0.7074723482852365,9,62.538994201539595
0.6,1918.1939657054968,0.7098186870855846,5,29.811126443003626
0.6,1560.069553043771,0.7095933740501561,9,21.071347209716027
1.2,2527.3354867895046,0.709650717250172,2,39.25929866418714
1.2,7100.453684968496,0.7080776667182422,1,83.55297198332146
0.6,2479.999876524591,0.7096296199657081,7,32.72485456792362
1.2,2008.6772273135873,0.7076360210279266,8,26.391605292570002
0.3,1564.2044972272531,0.7098092742704509,5,26.454538494355802
1.2,6721.270998499102,0.708034496634232,4,73.59793893225758
1.2,2375.905299624104,0.7096632158099626,3,34.535041686326295
1.2,2410.121235265909,0.7080761158169467,3,36.538682300219996
0.8390000000000001,2480.7355895463766,0.7098308627361657,3,36.58471148956002
1.28,2249.494256645934,0.7078924759644117,4,34.5759518283336
0.912,2307.1207507519593,0.7095576177244203,6,31.845445321809
0.6,6175.06647499676,0.7098291855932863,3,80.7453815407477
1.2,2310.22313869288,0.7078904374796863,4,33.71474106179116
1.2,2642.515998525377,0.7079136656947258,4,37.24245867169456
1.2,6457.66261406408,0.7096974319164032,12,57.55585477279824
1.2,2947.069510688569,0.7080264960886976,2,44.22696693640998
0.6,1504.5961218336492,0.7088100773390077,13,16.416421886084336
1.2,39.23518468194325,0.6964353149717912,7,1.4700137496725865
1.2,2136.339402879599,0.7092062385190778,11,24.845925257999305
0.6,1559.7394679761046,0.7098060753245983,7,23.134629565290133
1.2,2243.2001703418537,0.7096561768272347,10,26.42825183758894
1.2,2005.8199364735858,0.7093224603607159,9,25.68757054955066
0.6,1732.2133575378093,0.7096883153751522,7,24.995284172453008
1.2,2466.3340908570094,0.708492643660148,2,38.54440025592331
1.2,6170.189555639388,0.708073087346999,9,64.97799172033561
1.2,2249.5920621105815,0.7098313789769615,12,24.738423565448347
0.863,2458.3981456629276,0.7097317281604116,3,35.51363213158457
1.2,5610.605091999057,0.7097611220867251,4,64.56686586240752
0.6,2827.3880968302446,0.7098435803104706,1,50.203015115823526
0.6,4385.702283396096,0.7097438882602134,5,57.1527231183398
1.2,2250.733537144405,0.7079445558753933,4,33.55574919475226
1.2309999999999999,2435.598230226389,0.7097778573052648,2,37.72538075405422
0.79,2188.923879392835,0.7094024137764883,10,24.507392855961935
0.6,2795.9010704507155,0.7098435803104706,1,50.97227114830361
1.2,2469.3545753235812,0.7098435803104706,1,41.20020606697849
0.6,1854.5908533104393,0.7094511768177658,9,24.18742528833772
0.6,7044.335889119592,0.7098133999880988,5,89.26711826689255
1.2,8464.302136692482,0.7097253162389844,8,75.87178402418414
1.2,2296.1103953650245,0.7095241669967836,6,31.137884654669133
1.2,2553.4385061652747,0.7098163148105842,2,39.21234817037902
1.2,1940.2471360231825,0.7091279876512282,12,22.622818632884897
0.6,3038.680062096671,0.7098435803104706,1,54.60016393160238
1.2,6506.990985552657,0.7079044086085001,5,69.87993865226413
0.618,2168.460469912327,0.7078861758870201,5,31.770812143135288
0.594,2052.287551255634,0.7098248889808929,4,33.30829178184412
0.349,2032.7504129793683,0.7098263234995995,3,36.78217482154346
1.2,2107.482471012377,0.7078824414534612,4,31.968560124687254
1.2,8221.09992293878,0.7079326208487172,10,74.48365152509811
0.6,8700.30653696293,0.7098323216010973,2,101.62580411735084
1.2,2066.2189376758206,0.7068078838913747,9,27.160465990627984
0.6,1757.432764194207,0.7094932690160142,6,27.20078951917898
0.6,2831.539145460422,0.7099294122909474,2,43.98813189511202
1.2,2294.8553364815457,0.7093885985779075,6,32.00907219496779
1.2,6984.518293853121,0.7072953748819635,1,82.96358667269104
0.6,1949.870101151745,0.7092513242641739,5,30.24017266642859
1.2,2263.334577794483,0.7078288291178734,5,32.603140566972776
1.2,2329.84292328109,0.7096547626250231,3,34.766396008740195
1.2,2514.2774889637744,0.7097791830077378,2,39.0278016661435
0.6,1521.9563786573235,0.709778985976431,12,17.706216175185226
1.2,2066.171735216994,0.7102110379636966,7,27.58501684505806
0.79,2658.1020857375975,0.7097447943077378,3,39.39913920644364
0.6,1461.8819118300814,0.7088441588502935,13,16.261485196810693
1.3780000000000001,2406.1903239361377,0.7098435803104706,1,40.738823522044875
1.2,2322.4691966066603,0.7080123358636096,2,36.522973783803266
1.2,2457.9654623462347,0.7080160448686902,2,39.33572471806749
1.2,2535.9730079650753,0.7098435803104706,1,42.000179094515566
0.6,1699.783849701209,0.7094046441111665,7,24.76615676679923
0.986,1908.1358030004528,0.7093820843618561,8,25.204692722185623
0.6,2824.631585141112,0.7098435803104706,1,51.45555446743508
1.2,7372.2242320320265,0.709399664957002,2,81.96474079595671
0.594,1847.9729756331376,0.7095863489657265,6,26.79183432315375
1.2,8467.855153690369,0.7080776667182422,1,92.39280934879234
1.2,2423.2343921579654,0.7080776667182422,1,41.63488690098977
1.255,2205.037739356282,0.7096473243894564,4,32.322123255074715
1.2,5629.893158761461,0.7096357649837481,10,55.31944067069112
1.28,2075.298798555759,0.7095181429026322,6,28.99164680580624
1.2,2186.352306875567,0.7096152324201784,11,25.699423675190133
1.2,2441.358121282043,0.7095018074284848,2,37.73434090256671
1.402,6100.997897251301,0.7078095069781257,14,54.67554753193486
1.2,2541.0181684154086,0.7098435803104706,1,42.61788803309995
0.6,2396.845164492436,0.7102040036577593,3,37.124301884860294
0.6,2272.195218641177,0.7082590067320969,3,36.30283409457768
0.863,2848.083744206675,0.7098435803104706,1,47.674827974709864
0.6,6817.147744508609,0.7098284255789691,3,86.51936055274247
1.2,6099.809255738908,0.7077751471233295,11,58.047433254421534
1.2,6559.353389964939,0.7087341392535473,6,68.43952459315356
0.6,1386.908874319779,0.7073451371244756,14,15.318964793300355
1.2,7191.488709407278,0.7095238836418257,3,78.58967937480404
1.2,5989.348590634588,0.7079463535782489,7,62.53440135560023
0.618,2168.460469912327,0.7078861758870201,5,31.770812143135288
1.2,415.893024083049,0.7084497878777675,5,10.4916433152712
1.2,8621.87051785822,0.7080425381729077,3,87.44128350045985
1.2,1869.4479624981332,0.7084340064242622,14,20.659972427266077
0.6,421.84427981386386,0.7096472474689421,10,6.755869285428873
0.6,3024.5937996087823,0.7098435803104706,1,54.77015758213905
1.2,1981.1019930194102,0.7076371967710258,8,26.490600447484397
0.6,1645.8698430496374,0.7094609176959095,8,22.675873980345532
1.2,4328.624982527154,0.7097059890859267,5,51.81453956251854
0.6,2848.822336120472,0.7097920485856799,2,44.39830681176832
1.2,2122.608983525834,0.7080174713171923,14,22.811699237819198
0.741,2793.6576065595737,0.7097938696845132,2,41.34805686462195
1.3530000000000002,2011.92023933618,0.7097929507903551,8,27.141942738233322
1.2,2781.9602755902356,0.7077429185727918,8,33.85237718572738
1.2,2455.7858424599835,0.7098435803104706,1,41.57136602505275
1.304,6153.962313899531,0.7079308886563002,8,64.22237185165501
0.986,2025.726695329127,0.7095132506703906,6,28.530256366543167
0.6,1463.692875150411,0.707443228623995,12,16.76337061431585
1.2,2195.0766888347785,0.7083500324462411,10,25.610101598539583
1.2,2194.2525265066497,0.7080065792540035,7,29.064865107979806
1.2,2338.663174932869,0.7080776667182422,1,40.2083365455583
0.6,2345.661149007472,0.7096844481046307,3,37.62722174207406
1.2,2228.307456027992,0.7094438497862695,4,32.61690148238698
1.2,3418.7768146976,0.7097529050293382,3,46.33858203655163
1.2,8211.391204560246,0.7096551521805294,12,68.8293908655478
1.2,1994.8405856732013,0.7076966723152198,7,27.682382430069115
1.2,7478.458690985702,0.7099882633293069,2,82.50189385613638
0.6,3020.192928108677,0.7098435803104706,1,55.333539268580545
0.6,6072.361107308338,0.7098435803104706,1,91.28807294047549
1.2,7109.883470015752,0.7080776667182422,1,83.93354575649099
1.2,2470.7079395043506,0.7080776667182422,1,41.56305064170887
1.2,2279.9695172607458,0.7097019868271341,7,29.780392136692516
1.2,2310.188589491334,0.7098295067324839,7,30.03036744428982
1.2,3593.4665960734555,0.7077482924975221,10,39.68724235501804
0.6,1950.2299698650936,0.7098038974494131,8,25.849674277761405
1.2,4378.334516249896,0.7095796012933313,10,45.753382856771275
0.39799999999999996,7193.416328631354,0.7080219908445855,3,90.34336191219538
1.2,7391.331594440162,0.7095675703407218,1,85.1875855626882
1.2,7021.6945189069975,0.7080770407306516,3,168.2628228010414
0.6,5407.618745761141,0.7098106745167626,7,68.6389297694058
0.6,2285.959424656377,0.7098210184822277,5,35.07493151296314
1.2,2535.9730079650753,0.7098298869930153,2,39.3533702602906
1.2,1895.5012971600415,0.7069831191477542,7,26.499295320796893
1.2,2195.3020589626376,0.7097862383816397,11,25.76638528926351
1.2,6895.5951865920015,0.7100710488885503,5,71.83556416559543
0.6,1887.116560208226,0.7095903233003646,6,27.92278538253219
1.2,2209.6509493364592,0.7073203027221695,14,23.632964317698384
1.2,47.27996242528176,0.7047956228342062,3,2.9382589365193916
1.157,2458.7704973580244,0.7080149256797271,2,38.6569694599319
1.2,3516.5318762807847,0.7096364444814979,6,42.95363821589727
0.6,1351.1044380646265,0.709498738461169,6,22.058738289069012
1.2,2127.3011087808177,0.7098432253717535,5,-0.0
1.2,6076.964833696294,0.708075214946288,13,68.71944847550982
1.2,8571.641161853506,0.7080423483805807,3,88.08473438561019
1.2,5729.343977178718,0.7079443533585508,7,61.56602609193954
1.2,2541.0181684154086,0.7097641517974453,2,39.511199719773096
1.2,6636.666769619385,0.7104868811438994,10,62.25232337376921
0.6,1808.4782829646865,0.7096792014957821,6,26.51957870528337
1.2,1893.58158573945,0.7097573528415115,2,32.28418023049449
0.6,2213.4263294427906,0.7096473832836149,5,33.11373726161225
0.6,8916.570311183654,0.7098435803104706,1,111.44364761647563
0.618,8421.916624228206,0.7080776667182422,1,110.03942122246451
1.2,5000.5978004856825,0.7078945877708938,9,53.452496901291745
1.2,2279.4912878899922,0.7101713453795047,9,27.645495640823118
1.2,6856.455416965414,0.7106497172928271,6,71.04526476683085
1.2,4256.786013941537,0.7080073960160485,3,55.73349014528211
0.6,2795.9010704507155,0.7098315986485418,2,42.994509592586034
1.2,7156.949758382087,0.7080565614681718,2,80.86420567035404
0.6,1600.7411799047197,0.7087753956202412,8,22.582987459280734
1.2,433.02128889816055,0.7073900000695958,3,12.389093112815376
0.6,2080.603480951845,0.7098150200307635,6,30.682536568522135
0.6,2795.9117133529903,0.7098424621916903,2,44.5513431611241
0.6,4458.7257943418335,0.7098152874767519,7,57.41391179244154
1.182,2075.546074869523,0.7095142206638944,6,28.757800918690645
0.6,1766.5316270919598,0.7098124923774694,6,25.81754689807142
1.2,2380.1545622619014,0.7085617963420097,2,36.8444883381771
0.6,1591.608516129609,0.7098337533954971,9,21.480417910800025
1.2,6392.133661103416,0.7097292157398535,6,67.21098744663048
1.2,2008.5399691451266,0.7081613102086896,6,28.200465562386253
1.2,2444.028694642133,0.7098365130806089,4,34.92882630732229
1.2,6728.5235969397045,0.7096791084189367,6,69.25857082235446
0.6,2390.0974661627965,0.7104452383543794,3,38.104218739356945
1.2,1976.9804732502196,0.7080971156791268,7,27.126403555015745
1.255,2419.845209849123,0.709778013139104,2,36.87270792481815
0.6,3079.9749865374883,0.7098375330304936,2,47.08017799687655
0.545,6666.428141220971,0.7080182892161955,4,82.23364647269992
0.6,1847.6349807711124,0.7094006559872379,10,22.451417809067298
0.6,2332.9401344475473,0.7097401525714746,3,37.079173395187865
1.2,6817.1147902016455,0.7080141907040721,4,75.12403844764395
1.2,2467.430273017181,0.7096539794592243,4,34.79836439924045
1.2,6055.742097548309,0.7079294407227311,13,55.85507857588414
1.2,2548.6340499349,0.7097392561254787,2,39.44800526088923
1.2,7307.236902745022,0.708963985601755,2,80.52391757407507
0.6,1553.1577427700963,0.7097960170396123,9,21.19312118896727
0.6,2251.417478016441,0.707907228533635,3,36.135788261320776
0.6,2723.874776718234,0.7088418116529861,1,49.70785929328529
1.2,7708.644272239798,0.709801481199996,3,81.68518515805259
1.5,6481.886413304455,0.7080776667182422,1,76.9462881379182
1.2,203.27429173021832,0.7040833770118577,10,4.53246580543165
0.6,1736.0624614503477,0.7090999684938961,6,27.149004225853552
1.2,6428.5866393904835,0.7072109364199711,5,70.19303827762474
1.2,39.403701971519,0.6964353149726005,7,1.4630172168424025
0.716,2758.0814469266575,0.7098435803104706,1,50.20056316615298
0.6,2117.8978313601483,0.7096606746341352,4,33.45002624276204
0.6,2503.7193672422027,0.7098313887418565,3,40.072109618752606
1.2,4578.148455523205,0.7080131182103775,3,58.91579165681048
0.6,10457.34327348357,0.7098435803104706,1,120.89330447173725
0.6,7082.02271917161,0.7098203105957777,4,89.99841434348959
1.2,1974.73282387114,0.7093191239888699,9,24.88084327602995
0.6,1861.6643491720263,0.7093968072776276,5,29.861239103190552
1.2,4940.373313548288,0.7098435803104706,1,66.9656350092097
1.2,2335.1623299819325,0.7098268340967554,3,34.85888341410827
1.2,2467.6250938288354,0.7100102507818825,1,41.6591046819178
0.6,1832.6473079100765,0.7098133230316185,6,28.121843222837256
0.6,2827.3880968302446,0.7098435803104706,1,50.20010828522583
1.2,2015.961336300597,0.7083032169107127,6,28.25078323499186
1.2,2028.5956186683434,0.7092604693206929,10,24.991810107452924
1.2,2484.7376559659638,0.7097071570010864,3,36.779904104919666
1.2,3536.6791962305915,0.7097123404818209,4,45.612519142962185
1.2,6747.283535203574,0.708033969084938,3,76.83246786624385
0.888,1816.5239023357506,0.7093284679299009,10,22.804262129451516
1.2,4759.894133779751,0.7079626855386105,5,57.61897442744243
0.79,1847.3686786499668,0.7098026100572785,8,24.387988810736427
0.6,6459.387677014427,0.7097321718639166,7,74.13727595238855
0.52,8619.609872139354,0.7080776667182422,1,114.5641531731771
0.569,2818.1047037881526,0.7098367525670682,2,45.4539569310984
0.6,2795.9276777064015,0.7098435803104706,1,50.91956753246282
1.2,6168.151250503007,0.7079928344628238,12,56.44093725992226
0.6,1615.6413961165842,0.7098018414636506,8,22.93916598521627
1.2,198.68939384228378,0.7037168250932752,11,4.237738628290624
1.2,2423.2343921579654,0.7080464173239841,2,38.637612976790685
1.2,7999.834350802223,0.7096170065026176,14,64.85507018170053
1.2,6550.654966481131,0.7079725205238939,6,69.8865959476964
0.6,1575.9000564441565,0.7084882077036573,8,22.400070847708186
1.2,2454.2912622984986,0.7084926561675622,2,38.86474150630055
1.2,3282.052307626164,0.7094516197815374,10,34.63876908814208
0.6,1733.4929084084563,0.7094808431954207,7,24.52191117260399
1.2,2250.573716123518,0.7092653654507473,10,25.89145233755987
1.2,2394.2038578204083,0.7079537766609423,3,35.909339379335194
1.2,6287.550467565289,0.7098435803104706,1,77.55178467565666
0.6,3098.127743898483,0.7097946794310561,2,47.722351941922376
0.6,2438.4796230379357,0.7096609460631295,3,37.37481133062422
0.6,2327.4177666539576,0.7098258336826018,4,36.47714310055572
0.6,1791.7298505012634,0.7093016768902046,12,19.89889128955208
0.937,1852.0040808033582,0.7097675646393714,12,20.764889187105208
1.4269999999999998,2297.341037382267,0.7098435803104706,1,39.116510970101274
1.2,2141.4721201402645,0.708076208984233,8,27.94321119966695
1.2,4478.063075490543,0.7095908281882314,9,47.30081336767188
1.2,2023.8564825453925,0.7098244080098476,7,27.4162358770001
0.765,2348.672171046176,0.7096041740368785,6,31.20105741083044
1.2,7899.599499468639,0.709749534869579,6,79.5332643600905
0.545,1476.19882266391,0.7097888630226833,10,18.861193084883737
1.133,6160.638860353234,0.707884923045623,10,60.58372488971913
1.2,7994.397631865823,0.7079136264301934,11,70.4324762235724
0.6,2836.8827095027914,0.7104583947843347,1,51.25152900482055
0.349,2141.5389947106137,0.7098263247348042,3,36.7358255477213
0.6,1814.918743723643,0.7098090659525377,7,25.756671278818878
0.6,2008.1257433347857,0.7095020911235502,8,26.5530841848127
0.79,2709.4082252215576,0.7098435803104706,1,47.73041399260513
0.618,3057.5281506649603,0.7097940817161175,2,44.78696024835987
1.2,2348.6096640992882,0.7096380399313301,5,32.58743871205526
1.2,2433.055513024667,0.7095821230213498,4,34.77035609632057
0.6,10967.351150484412,0.7098435803104706,1,129.5003486026289
1.2,249.43755552992803,0.7080776667182422,1,11.593967900336471
0.6,2498.104979425714,0.7098319005119991,3,41.21168330392185
1.2,2587.9239999518663,0.7094894709576689,8,31.796208496747937
0.6,1857.487558482755,0.7096327502683533,5,28.703431800352163
1.2,2440.512347653128,0.7080776667182422,1,41.298672401524016
0.8390000000000001,1751.289880572639,0.7097763352548991,12,19.81785641528202
1.2,1952.8020279862617,0.7085244050646342,7,26.886033421362445
1.2,2304.4639863489283,0.7098433952604862,7,-0.0
1.2,2121.9424687215214,0.7075426211531463,10,25.74808108814687
0.6,2926.8459952243047,0.7098435803104706,1,52.59871968007912
1.2,2297.7843316727353,0.709448157018477,6,32.0343371430709
0.6920000000000001,1709.6857971844963,0.7094953012322021,8,23.924256034604596
1.2,2365.4021641668937,0.7098383382252162,4,34.399273928056985
1.2,6743.979137488208,0.7079569215033614,7,67.3645870209689
0.6,1963.1625601808346,0.709686600598338,4,32.2462099934009
0.6,1565.6151130123799,0.7093867391530033,10,20.05639412398392
0.6,2795.9010704507155,0.7098274020759715,2,42.972816810908
0.6,6312.996893349119,0.7097957547474578,3,79.26898359287856
1.2,2430.4972548379837,0.7080074318634294,2,38.56931625740132
1.2,2552.2258287606896,0.7100102507818825,1,42.70448385497694
1.157,2375.026172839586,0.7097109770157927,3,34.98622878651931
0.6,4486.020435553241,0.7098270785685413,4,61.98732017964862
1.2,2166.7549589769633,0.707478407459571,7,28.86283636367369
0.961,7695.006269099124,0.7080776667182422,1,91.25655432028138
1.2,8711.239771004059,0.7098245402906947,2,89.67117822910149
0.937,1843.265319401792,0.7091116995711828,13,19.655298200692204
1.2,4172.721233315239,0.7095351944793237,10,42.26495785741704
0.6,1222.9203164674443,0.7090408273580728,14,13.303643743747196
1.2,6869.621382062252,0.7080730049001434,3,76.76605830806496
1.2,2435.079010182268,0.7080776667182422,1,41.984739358786854
1.3780000000000001,6697.265323050509,0.7080776667182422,1,79.00353810801423
1.2,2821.9428686114725,0.709731571685031,3,40.20778043441341
1.157,2356.3384810861453,0.7098286300445129,3,35.28732639776658
1.2,7172.802224283746,0.7084132427087997,1,84.32554606936493
0.47100000000000003,1793.3511572615,0.7095311665296827,7,25.554650327052048
1.2,1952.8894400666509,0.7075109603890021,10,24.523380515446394
0.6,7610.579773062341,0.7098435803104706,1,101.15902360079524
1.2,2331.003905662568,0.7080770024282776,4,34.585937408380296
0.6,1947.270165859108,0.7079714595323559,4,32.25954786515788
1.2,417.25692769265606,0.7081097246605718,6,9.940382404684366
0.6,1852.81753554128,0.7097658338053865,2,31.75432647511592
1.1079999999999999,7360.154977276963,0.7080776667182422,1,89.19880965949868
1.402,2316.294646812976,0.7096563972098988,4,33.753404891834975
1.2,2123.3986913156145,0.7075717018162894,10,25.758205639249553
1.2,2151.6454151616467,0.7080741755870117,9,27.04425099129952
1.2,6613.102167582337,0.7080332225375036,3,73.65662012269652
1.2,3189.790045952362,0.7097927172975332,2,44.900240156420075
1.2,214.27993059990138,0.7052178155143841,10,4.557169980760081
0.765,2735.553191515258,0.7098376249672014,2,41.393888444634285
0.8140000000000001,2046.66959820715,0.7092406983743461,13,21.569911471978788
1.2,6476.066270666614,0.7079716837173335,5,70.62841957386561
0.324,2071.5750741163815,0.7098254663123931,3,35.98716557082833
1.2,1909.8021945489106,0.7073210522920578,13,21.924110978031752
0.863,2475.4370764729238,0.7098304792264103,3,35.14182190848503
0.447,8867.888184689475,0.7080776667182422,1,124.84035427088195
0.6,1758.0221696083536,0.7095827377199421,6,25.67944642724107
1.2,2312.5367807527855,0.7096501535225819,4,34.03112859245121
1.2,2423.2343921579654,0.7080776667182422,1,41.636535647225074
1.2,1681.2804637359266,0.7097469222821713,2,30.275160191065176
0.8390000000000001,2465.1129340852503,0.7097348302536468,3,36.364185580201905
0.6,157.4626229353269,0.7093347204113427,10,2.9918358711640534
1.2,6335.813163260368,0.7097935771043309,3,72.44880983657633
1.2,2210.3212032134843,0.7098057811845665,4,32.723346539456074
1.2,6360.066772817031,0.707969832590767,6,65.91733786742317
0.6,2180.442561571217,0.7097371603895982,3,35.3486543271038
1.2,2656.117544988557,0.7093679782717243,11,29.763788104532953
1.2,6435.305541380018,0.7078068009740742,14,56.489883252822665
1.2,2062.616320629387,0.7097141739329129,7,27.333020357620573
0.6,2167.927459882567,0.70950758568497,10,25.42273583233076
0.6,2325.5823298447135,0.7097069804028092,4,36.2766856225678
1.01,2151.529123489647,0.709812976510738,5,31.02802536046781
1.4269999999999998,2365.5557954981327,0.7097812335829782,2,37.84901462860173
1.4509999999999998,6610.521022572454,0.7080776667182422,1,78.30662921480163
0.6,10226.871224726197,0.7098162393898141,2,106.89209535316063
1.2,2308.7534421808837,0.7096714893910524,6,32.130223950532965
0.6920000000000001,6433.7535186927025,0.7080083753751371,5,75.58754696360641
0.6,2706.8929393380686,0.7086472729319555,2,41.52819057798438
0.6,2862.635618807919,0.7098435803104706,1,52.22691739033386
0.6,1604.116846389272,0.7092671254743367,13,17.23393994249762
1.2,2257.2827619115405,0.7097112513292154,8,28.577341672988485
1.2,2091.9244624463263,0.7077046195047154,13,23.46416951860802
1.182,2165.9813466167384,0.7076424236439915,8,28.735691601904243
1.2,9427.458183126415,0.7098097048730688,3,93.33596324762537
0.6,2624.1074301032213,0.7097449391306764,3,40.67273734198719
0.6,2026.177503187036,0.7098248050599499,4,33.08683319674532
0.6,143.38899084295173,0.705293043363937,12,2.3772745463368214
1.206,2535.429112447785,0.7097797656764431,2,39.25707855314641
1.2,1981.173776145776,0.7072663084992049,14,21.66405750843824
1.2,6157.804552885142,0.7079853061591902,9,62.97485875663656
0.6,1533.5917538489848,0.7089870010352065,11,18.375742582122935
1.2,2571.261092735623,0.7095737328455055,6,34.11380338159427
0.6,2021.5068353205897,0.7098196897645231,5,30.705858542702362
1.2,1839.3182765392667,0.7073578374464455,12,21.973908474819016
0.447,2313.3900052240692,0.707972424520062,3,41.49420812804173
1.2,9248.44302711521,0.7080776667182422,1,97.17977535652552
0.6,2243.1030336888743,0.7097999043471198,11,25.31933783168214
1.2,1901.6522655711603,0.7083242856341408,9,24.62168205473807
1.2,7596.022791395785,0.71060892473905,1,86.34955915887156
0.6,1736.1244690504707,0.7097904005888666,7,25.05728989093559
1.1079999999999999,2283.8618716374713,0.7078887478784022,4,34.56334029347636
1.2,6895.051103433443,0.7097974384437985,3,75.7195240487089
0.594,1712.695416605892,0.7095354654627887,7,24.828774328199636
1.2,5749.210377495855,0.7079645125387826,6,63.14382331465493
0.6,6119.900374957162,0.7098184777756479,5,77.80545466263442
1.206,2449.4049256202543,0.7097776079967284,2,36.83525956436993
1.2,3609.2604391317295,0.7095291365792545,9,39.73075373986573
0.6,1494.4390580289148,0.7080729134746047,11,18.204901875007465
1.2,6706.82814061176,0.7079256517995626,4,73.47275960029849
1.2,1157.6676690127565,0.7092103073726295,6,19.426172993898728
1.2,2084.241329256639,0.7077915033527029,11,25.125787465573254
1.2,2541.0181684154086,0.7098435803104706,1,42.614634643941365
1.2,2237.7853392784677,0.7078253576443528,5,31.8516249299172
0.6,2795.9010704507155,0.7098435803104706,1,51.20130566003082
1.2,2248.818334095055,0.7079493286012742,3,33.74757425079396
1.2,2435.079010182268,0.7080753659579713,2,38.342917587301116
1.2,1948.4935297436716,0.7096829347622368,3,30.968414725525257
1.255,2359.170630914968,0.7079537283776176,3,35.805624434449015
1.2,5992.399040801724,0.7075274183509613,13,55.54933432029905
0.6,1469.9489322254897,0.7076476184519367,12,16.84160377144582
1.2,7041.930005332136,0.7097421226295406,6,70.45439435947793
1.2,2459.818534885502,0.7098435803104706,1,41.499253441698706
1.2,1985.8955511274096,0.7099299643946018,9,25.106859494543876
0.6,2956.0612027401003,0.7098435803104706,1,53.265263167409756
1.2,2548.6340499349,0.7098435803104706,1,-0.0
0.324,2871.5897870464546,0.7080169055978506,2,47.07104836629976
1.2,3001.84345331175,0.7078070340649074,7,36.65573765346071
1.2,2245.364647184628,0.7096841110124728,4,32.75374634622225
1.206,2167.4054719918176,0.7077670266400472,6,30.633686124483948
0.6,1785.12354538933,0.7095868137885321,6,26.815881788707767
0.6,1955.8634495268725,0.7094066416078291,10,23.605049033927983
0.6,1480.7592810141364,0.7077227653916999,11,18.123868224737432
0.6,7558.366948722867,0.7098262472384731,3,94.17954322590565
1.2,2947.069510688569,0.7080776667182422,1,47.070533537909334
0.6,1625.151618347708,0.709379590065551,8,22.81157220536876
1.133,6013.941183378525,0.7078003093407239,14,53.70200655274493
1.2,1877.1156263610471,0.7078281182091083,9,24.471935906328614
1.2,1670.5218396336109,0.709650510719186,3,28.139670986878997
1.2,2166.607427482911,0.7078945045988739,10,25.480992697527924
0.667,1926.242366080666,0.709221436163769,14,19.046095079940937
1.2,2499.363755538011,0.7098093967215945,3,37.355453413499916
1.2,2209.0925844789945,0.7080627358818572,6,31.511741840303408
0.6,2036.8446021343125,0.7098007525644949,4,33.0495334777808
1.2,1994.4252905143337,0.7088845215782171,7,27.13966953105337
1.2,2169.87396359152,0.7093008865943207,11,25.591341925061553
0.569,5736.397778976876,0.7079832969360741,6,69.8236969637999
0.6,9570.204154380792,0.7098435803104706,1,116.65051991698797
0.6,3621.018383887835,0.7098016053392346,13,35.486905212482924
0.6,1057.723856071064,0.7097652545355836,10,14.304830025662776
1.2,2150.293223486431,0.7069880082043312,6,31.065088910165546
1.2,6599.56700255183,0.7079732747440327,4,72.73729589506458
1.4269999999999998,1995.8317912096281,0.7094597619243106,7,27.888016827610635
0.6,2760.113779407119,0.7098435803104706,1,51.65391707964651
1.2,2502.592146741211,0.7097784351122749,2,38.67840836298612
1.2,2197.9394959890183,0.7089344622635191,4,32.40743904096513
1.4269999999999998,2178.578747823199,0.7093478554113197,9,27.769886081325936
1.2,6009.725626320661,0.7070590830267554,9,62.21162203044898
1.2,7109.883470015752,0.7080776667182422,1,83.93706300444688
1.402,6683.818450226693,0.7080776667182422,1,77.84284220338714
0.594,2033.3664901844263,0.7098246622393317,4,33.602490008254925
1.2,2394.2038578204083,0.7079537766609423,3,35.909339379335194
0.6,2837.4807820835085,0.7098435803104706,1,52.18290402085661
1.2,7089.30688940144,0.7080776667182422,1,83.4708857032423
1.2,2284.720171899927,0.7092506332824788,6,31.96056490662626
1.2,6527.932318253884,0.7103148132321255,11,59.885492196906554
0.6,1575.3340309894472,0.7082305588580089,8,22.483412933163937
1.2,8612.316745810816,0.7097740440705621,5,84.53940598334968
1.2,5972.242358384908,0.7079679772525307,6,64.95769435527806
0.6,2302.4801393581847,0.709803762094792,10,26.838187401690096
0.6,1709.8701608928786,0.7098231031819874,7,25.02674194179541
0.6,1504.540721279354,0.7091379067171933,14,15.766672691963976
0.6,7237.688005778509,0.7098192155927104,4,91.12255163344014
1.2,2298.9461159886037,0.7095711428995024,6,31.050333107137984
1.2,6151.240104987543,0.7071752108370124,10,58.38634327741062
1.2,1285.071062135899,0.708652057422332,12,16.196910568219693
0.39799999999999996,7193.416328631354,0.7080219908445855,3,90.34336191219538
1.2,2459.818534885502,0.7098386190445114,2,38.0246086718616
0.6,2075.7457628247475,0.7103641281279085,4,33.262032038294684
0.47100000000000003,6000.355401390127,0.7079929731136523,5,73.51857166007424
1.2,1658.2071188231637,0.707741807247061,5,26.08542510279522
1.2,6442.944425349961,0.707971818855174,6,68.76915764757435
0.6,1894.113310199248,0.7093547911087001,11,21.40569268559889
0.6,1456.2784779415033,0.7092795544766402,12,16.808422279874115
1.2,7277.352751325568,0.7079652384142531,7,71.12636224151758
0.6,2495.0061726493327,0.709815674613633,7,32.97072371990763
0.6,2763.174385191434,0.7098136789017129,8,34.95933032693828
0.6,3665.5592225673963,0.7098435803104706,1,61.60866841276746
0.6,2035.9686616123497,0.7097763781420877,4,33.02238307903118
1.2,2367.3224891341933,0.7100519973775249,5,33.018997904452235
0.6,1503.2476148315445,0.7077514874827617,10,19.402835062340706
1.2,6061.173116091616,0.7080090273105364,4,67.98188083874673
0.6,2876.061935446262,0.7105267990494616,2,44.32574203042684
0.447,5151.995067607317,0.7079159444902009,9,54.50713248638792
1.2,7049.679142859211,0.7080556672293113,2,78.68490083394705
0.667,2199.6306906356663,0.7078889721209023,5,32.27930402308539
1.2,2145.79044940119,0.7069880050474591,6,30.06549728031053
0.6,2116.2717216959577,0.7096325640979964,4,33.19582153625154
1.2,2512.4955466737074,0.7105335823955142,1,42.03558299335816
1.2,6682.220557206545,0.7077858357101134,4,73.33852437360989
1.2,2239.943185856881,0.7095478279193935,4,32.69458537007711
1.476,2079.5350157241355,0.7076553541115176,8,28.147920819703085
1.2,2195.7999596810782,0.7093831594015887,9,27.46755940416978
1.182,6125.915873794503,0.7078441241142303,12,56.77569445262116
1.2,5252.933785952371,0.7079175856867307,8,55.49519689938882
1.2,2316.9980391989643,0.7098396473693594,6,32.272424979372474
1.2,2106.3754563386756,0.7089417241301516,5,30.843061543209224
0.6,1678.484668038478,0.709812484716246,6,25.892124744920697
1.2,1940.2471360231825,0.7091279876512282,12,22.622818632884897
1.2,6531.404695461528,0.708074822828872,5,71.83681076583537
1.2,2084.241329256639,0.7077915033527029,11,25.125787465573254
1.2,3862.8804390507603,0.7094860002061975,11,40.38729295570749
1.2,2236.0289691744174,0.7098127919367687,9,28.204166203194948
0.6,1798.209390298022,0.7104275372607474,6,27.604850968757543
0.6,1840.6115300897077,0.7103497166692678,6,26.74326538533111
0.6,1907.304665608457,0.7071458520076104,4,31.832578658300843
0.6,5875.906256057921,0.7097761593227208,4,73.03718160090705
1.329,6376.45980579653,0.7079728307258333,6,67.53436646248554
1.2,6489.983413841765,0.707951101158943,7,66.8219145615242
1.2,2471.321723649905,0.7086355646459066,2,38.888378346075264
0.6,1700.5239259594562,0.7094241534950502,7,24.773194783948192
1.2,2559.4299808141222,0.709779892025565,2,39.21259630308309
0.6,7515.284500925267,0.7098107268503147,5,95.10618977277257
1.2,7851.403594859549,0.7079742215264312,7,76.52366359984346
0.6,2051.3147708729334,0.7098145556627007,6,28.9603201224325
1.2,6462.39633467299,0.7080451313019991,6,70.08227140908585
1.2,2248.616782453127,0.7080708720129734,5,31.96898108600107
1.2,6067.242962520587,0.7080084205166782,13,55.972666910759415
0.324,1144.6230740244296,0.7097892227769381,8,17.525572777547627
1.2,2487.804710316953,0.709617156566437,3,36.84002882848019
0.6,2237.777067995303,0.7079771219167404,3,36.913060023182865
0.6,399.02502137369754,0.7077425911521766,12,5.609631858842791
1.3530000000000002,1953.150316854827,0.7090741086996792,13,22.51040914902224
1.133,2511.2544470209314,0.7097769992216824,2,39.01610029800295
1.2,1887.8722958004905,0.7083464481714012,12,22.23870069388341
0.6,9313.985440293065,0.7098167893446706,3,115.97883255762683
0.6,4988.59436868155,0.7098119054930153,2,65.06860828817943
0.6,3781.559377820356,0.7098135058186359,8,45.91362485176137
1.2,6348.627050151027,0.7080128719918105,7,65.87725032573401
1.2,2243.411139409444,0.7079527977406059,5,31.906223622971613
0.6,2681.925796019771,0.7082716071647306,1,49.333133187773136
1.2,2535.9730079650753,0.7097920913681072,2,39.33616862152333
1.2,9044.222751518426,0.7097602404102875,6,87.07566990318581
0.6,1749.298838951671,0.7097917548348665,10,21.513178069323278
1.2,403.97061667130225,0.7074393400676904,8,8.398848379138036
1.2,2402.459514974489,0.7106266223453376,3,35.01080794844148
1.2,4854.045115399428,0.7079627024118947,5,57.71835516136541
0.496,1873.042395689285,0.7095383175393633,7,26.769068390895715
0.6920000000000001,1764.087800962423,0.7095446565891912,7,25.67351808343108
0.6,1670.965111418819,0.7081655782835378,7,24.176468620835102
1.2,2201.0472830062135,0.7093300283371787,14,23.147178521672764
1.2,2341.268947767533,0.707309596523383,3,36.14887757476697
1.2,2278.6283977309135,0.7079497848500532,3,34.92612522359204
1.2,5629.893158761461,0.7096357649837481,10,55.31944067069112
1.2,4650.339290041912,0.7096444899337639,8,50.53130522584703
1.1079999999999999,2242.663280900379,0.709643576770003,4,33.67253106024146
0.618,1808.5573064883738,0.7098075608585539,7,24.737071395676487
0.6,2793.0793562911467,0.7094212874358086,1,51.071598753761165
1.2,2255.178182768929,0.7080575863064505,4,33.615733084283725
0.6,1660.5193234022245,0.7104911887594797,8,23.021958763849618
1.2,2311.802727266461,0.7095265651797524,6,31.374867647168177
0.42200000000000004,2769.2715559797484,0.7098353374669634,2,44.97664751194626
1.2,3910.83259211147,0.7095490968613194,10,41.80870859252449
1.2,2243.2001703418537,0.7096561768272347,10,26.42825183758894
0.6,2673.6522820134787,0.7098364663153687,2,40.786819877843996
1.2,2164.6363779688927,0.7098422455972475,6,30.17511263569827
1.2,2206.487213941856,0.7092431680785957,9,27.979569640933576
1.2,4960.455237458559,0.7097799981761022,3,58.99684694404697
1.2,2342.7153173323964,0.7096548281455786,3,35.797795692102916
1.2,6785.118453931143,0.7080776667182422,1,81.47204934578767
1.2,1291.7622347593333,0.708973091952771,9,18.73436763623604
0.6,5100.209401872009,0.709695752419834,9,56.09658800076287
0.6,1618.886378627079,0.7076897980837535,7,24.281578081572437
1.2,2314.709850141444,0.7080375048929618,4,34.368037056862825
0.6,5628.179580876158,0.7098372135520249,2,72.3745358171813
1.2,2297.282748117547,0.7096480527301917,4,32.97896218720549
1.2,6064.804798536818,0.7079876383587641,5,65.01903954725914
0.6,2003.8863809692946,0.7072834809822587,4,32.87563795713776
1.2,2298.1530953698016,0.7095549621444085,6,31.044336773162566
1.2,2347.114759029825,0.7085100313693539,4,34.57798912679902
1.2,6793.027831658735,0.708071991744749,4,74.3849503210406
1.2,2304.3287445509436,0.709445388237173,5,33.03250802643974
0.6,1580.9007790913536,0.7097905275174712,10,19.895653310256044
0.6,1926.964661617492,0.7084031514121939,4,32.9092869250868
0.52,1716.7634497329434,0.7077336226454688,8,23.958409408199756
0.6,1431.7200467966327,0.7080258664078036,13,16.063305071908815
0.6,3850.758016616381,0.709833011728987,3,54.6037176179573
1.2,6789.689801407058,0.7104015829125182,7,66.77668791251365
1.2,1979.2069582604686,0.7074602937927664,6,27.88382463234673
1.2,2347.785614856163,0.7079254046788818,2,37.07359121454412
1.2,3213.3230741009497,0.7097452802379175,3,44.20558402135899
0.6,10351.07389427127,0.7098288090680566,2,114.11419809360491
1.2,2096.0504122741377,0.7073038180194161,9,27.31885587381605
1.2,3968.4303027697283,0.7079372708269652,5,49.62225145456634
1.255,6012.89572345837,0.7078880931644963,10,60.705327302638985
1.2,2429.713269608652,0.7097151381716488,3,36.06547757176477
0.6,3957.9364159064844,0.7097554284223607,4,54.694639304228076
0.6,2293.8375869820325,0.7096946886684865,4,35.81605286029341
0.6,2771.3008457753035,0.7091302589649989,1,50.943940459263814
0.8390000000000001,2223.0865629165532,0.7096808371656959,4,32.99781850667419
1.2,2469.253951520257,0.7098435803104706,1,41.53803971912096
1.2,7455.285300428703,0.7079858861258653,6,76.36190503279184
0.6,2884.909981807076,0.7097929784484943,2,44.46727149942576
1.2,2497.8790047734324,0.7092755969863719,1,41.68610262532115
1.2,2049.093967361185,0.7093232383455343,9,26.010341045560935
1.255,2133.077406363117,0.7098141952814853,5,30.06971024212997
1.2,6474.786029717898,0.7087126858821495,7,66.41301348016484
0.6,2824.631585141112,0.7098316123461199,2,43.857009862872495
1.2,6114.158063513185,0.7078743246754166,11,58.13953418491353
1.2,2562.200301022904,0.71009484439045,2,39.67826733755788
1.2,6362.109802657154,0.7079680389762674,7,64.78031591055529
1.2,1919.9224467922545,0.7093164956561107,9,24.76520216811483
1.2,2095.1156311011046,0.7087254171470809,5,29.940633972337185
1.2,1921.476013401397,0.7089994709277511,14,21.1276633790396
0.6,4961.56139690396,0.7098435803104706,1,79.94878502703874
0.349,5810.660293331901,0.7079927525836888,4,78.25526254632287
1.2,2114.005009597772,0.7094525578078468,7,28.494143912938448
0.863,2068.0850892662693,0.7076076924328285,10,24.696895122314743
0.6,2084.4585570044605,0.7087609691081557,4,33.513224167253604
0.6,3210.255863258213,0.7097975116017203,2,46.71256230639109
1.2,2081.7104262955463,0.7068778412772255,12,23.86526833233005
1.2,1949.204151838507,0.7076912414693239,7,27.38126889461955
0.6,1499.120124678243,0.7103064863064724,14,15.92681809639601
1.2,6950.944568218876,0.7079792630464443,6,71.93063611104655
1.2,5158.951229199,0.707853263651417,11,51.07931596289867
1.2,5969.036526074726,0.7079874434549543,5,66.18355036912243
0.6,1724.858206059066,0.7098077274109967,7,25.723570293114705
0.6,1497.7769990928186,0.7089711741700566,12,17.30691379460663
1.329,1949.5057939970332,0.7097855838521409,9,25.86442477998556
0.79,2252.03083960351,0.7078851572383058,5,33.16717441094859
0.6,3085.1197402746316,0.7098061477781475,11,33.616696774527256
1.2,6572.482184057852,0.7080714290265496,5,71.57415972160273
1.2,6456.303931194251,0.7080316990173126,3,73.05414156774354
1.2,2355.934394993591,0.7076559568204708,3,35.94058424576936
1.2,1796.4520974347436,0.7079934058641358,2,31.807530441608282
1.2,2046.6252857540526,0.7092636606861411,10,25.05052184204772
0.324,1025.8166523442399,0.7097542672553676,13,11.57410145015503
0.6,2738.8785665176074,0.7090787861408093,2,41.76272449916253
1.2,1474.245950065099,0.7097336050290384,2,27.87402768485218
0.79,5616.426970496831,0.7078604345249223,14,50.23292475101158
1.3530000000000002,2123.190447927095,0.7098145647845551,5,30.557329079357448
1.2,2584.1516321360186,0.7098435803104706,1,42.52209376879046
1.2,6709.715849273554,0.7098052786049128,7,66.44739475573914
0.6,2350.166811875878,0.7097738504417428,3,37.67669715073313
0.6,32.399798132434526,0.708155037979508,7,1.0307242830489163
1.2,6452.808544295983,0.7083771430828641,6,69.05021915566684
0.863,2458.058433866445,0.7097316532127501,3,36.00602420520534
0.6,1707.3051388633903,0.7094879660405445,8,23.017990232081303
1.2,2403.347569785606,0.7097127000453765,3,35.397714229802794
1.2,2239.0638420009127,0.7093356529561169,9,27.75408290303373
0.6,2902.2610840996213,0.7098435803104706,1,53.9692424946761
1.2,1991.6120896355817,0.7092479865731279,7,27.127698080267987
1.2,1840.1164146034591,0.7073453194883078,10,23.647743079310366
1.2,5757.068805857833,0.708025722597116,3,68.43203940166897
0.6,1923.8062541110958,0.7087105780422941,5,29.956691217143483
1.2,2349.174905254276,0.7080776667182422,1,40.96171364218909
0.6,1821.9784061718299,0.7086025532163616,5,29.560903657828735
0.863,2699.6600424587,0.7080249737542685,2,42.78590898189434
0.863,2138.1401807290895,0.7092039584313247,13,22.001692405140183
1.2,2305.9061910063533,0.7074331142602966,1,40.88089248259639
1.2,2178.787798107455,0.7093315679046667,9,26.78565713996633
1.035,2567.229633400537,0.7097760710461791,2,39.704143836303565
1.2,2423.2343921579654,0.7080776667182422,1,41.620152383585896
1.2,2120.1029591827037,0.7077969515938204,4,32.485942399829035
1.2,2138.9138094867662,0.7080228642033892,8,27.57754440030887
0.6,2792.470983465889,0.7099583066131582,2,42.689641749373266
1.2,803.8583214232829,0.7094574528475975,3,17.670775376183013
1.2,2418.4230899527447,0.7080776667182422,1,41.032632223997716
0.6,1441.4087959602643,0.7097889265520817,10,18.37348655428234
1.2,3446.6827805139533,0.7095470389338417,9,38.85058067289732
0.6,24.65475236780851,0.6913155237475388,11,0.5544637439882949
0.6,2295.7704019145003,0.7076099986076626,3,36.87723220307451
1.2,2404.5416639204914,0.7078991240557816,3,36.3243082102574
0.6,1961.0967140133246,0.7098144388581837,6,29.055027669560154
0.643,5812.342380267122,0.70797203487315,7,64.13236604265119
0.79,1877.932364082357,0.7097968366977222,9,22.668939652506253
1.2,2338.7931777066133,0.7078918468269485,4,34.7155397278518
1.2,2435.5130065952394,0.7087876529742742,3,36.850430989862446
1.2,2249.2618474906417,0.7077214217471877,3,34.57204657080093
0.8140000000000001,1684.9159942850029,0.7093210112987735,11,20.83154106900733
0.6,3163.3076885914684,0.7098089302096644,10,35.565648477075875
1.2,3820.4005449048627,0.7097265421939497,4,48.49204173550398
1.2,1941.5334800747323,0.7095694907529867,10,24.129225361414264
1.2,2403.4496977491813,0.7089857441655285,1,41.07396191127771
